0 0 7 6 5 9 2 13 11 4 12 10 15 0 8 1 14 3 
8 1 7 6 5 9 2 13 11 4 12 10 15 8 0 1 14 3 
2 1 7 6 5 9 0 13 11 4 12 10 15 8 2 1 14 3 
9 1 7 6 5 0 9 13 11 4 12 10 15 8 2 1 14 3 
5 1 7 6 0 5 9 13 11 4 12 10 15 8 2 1 14 3 
6 1 7 0 6 5 9 13 11 4 12 10 15 8 2 1 14 3 
7 1 0 7 6 5 9 13 11 4 12 10 15 8 2 1 14 3 
3 3 3 7 6 5 9 13 11 4 12 10 15 8 2 1 14 0 
11 3 3 7 6 5 9 13 0 4 12 10 15 8 2 1 14 11 
13 1 3 7 6 5 9 0 13 4 12 10 15 8 2 1 14 11 
1 1 3 7 6 5 9 1 13 4 12 10 15 8 2 0 14 11 
2 1 3 7 6 5 9 1 13 4 12 10 15 8 0 2 14 11 
9 1 3 7 6 5 0 1 13 4 12 10 15 8 9 2 14 11 
5 1 3 7 6 0 5 1 13 4 12 10 15 8 9 2 14 11 
6 1 3 7 0 6 5 1 13 4 12 10 15 8 9 2 14 11 
7 1 3 0 7 6 5 1 13 4 12 10 15 8 9 2 14 11 
3 1 0 3 7 6 5 1 13 4 12 10 15 8 9 2 14 11 
4 2 4 3 7 6 5 1 13 0 12 10 15 8 9 2 14 11 
11 1 4 3 7 6 5 1 13 11 12 10 15 8 9 2 14 0 
12 2 4 3 7 6 5 1 13 11 0 10 15 8 9 2 14 12 
10 1 4 3 7 6 5 1 13 11 10 0 15 8 9 2 14 12 
15 1 4 3 7 6 5 1 13 11 10 15 0 8 9 2 14 12 
7 1 4 3 0 6 5 1 13 11 10 15 7 8 9 2 14 12 
6 1 4 3 6 0 5 1 13 11 10 15 7 8 9 2 14 12 
5 1 4 3 6 5 0 1 13 11 10 15 7 8 9 2 14 12 
9 1 4 3 6 5 9 1 13 11 10 15 7 8 0 2 14 12 
8 1 4 3 6 5 9 1 13 11 10 15 7 0 8 2 14 12 
7 1 4 3 6 5 9 1 13 11 10 15 0 7 8 2 14 12 
6 1 4 3 0 5 9 1 13 11 10 15 6 7 8 2 14 12 
5 1 4 3 5 0 9 1 13 11 10 15 6 7 8 2 14 12 
7 1 4 3 5 7 9 1 13 11 10 15 6 0 8 2 14 12 
8 1 4 3 5 7 9 1 13 11 10 15 6 8 0 2 14 12 
2 1 4 3 5 7 9 1 13 11 10 15 6 8 2 0 14 12 
14 1 4 3 5 7 9 1 13 11 10 15 6 8 2 14 0 12 
12 1 4 3 5 7 9 1 13 11 10 15 6 8 2 14 12 0 
11 1 4 3 5 7 9 1 13 0 10 15 6 8 2 14 12 11 
12 3 4 3 5 7 9 1 13 12 10 15 6 8 2 14 0 11 
11 1 4 3 5 7 9 1 13 12 10 15 6 8 2 14 11 0 
12 1 4 3 5 7 9 1 13 0 10 15 6 8 2 14 11 12 
4 2 0 3 5 7 9 1 13 4 10 15 6 8 2 14 11 12 
15 3 15 3 5 7 9 1 13 4 10 0 6 8 2 14 11 12 
10 1 15 3 5 7 9 1 13 4 0 10 6 8 2 14 11 12 
12 2 15 3 5 7 9 1 13 4 12 10 6 8 2 14 11 0 
15 3 0 3 5 7 9 1 13 4 12 10 6 8 2 14 11 15 
4 2 4 3 5 7 9 1 13 0 12 10 6 8 2 14 11 15 
15 1 4 3 5 7 9 1 13 15 12 10 6 8 2 14 11 0 
12 2 4 3 5 7 9 1 13 15 0 10 6 8 2 14 11 12 
4 1 0 3 5 7 9 1 13 15 4 10 6 8 2 14 11 12 
10 3 10 3 5 7 9 1 13 15 4 0 6 8 2 14 11 12 
4 1 10 3 5 7 9 1 13 15 0 4 6 8 2 14 11 12 
12 2 10 3 5 7 9 1 13 15 12 4 6 8 2 14 11 0 
13 3 10 3 5 7 9 1 0 15 12 4 6 8 2 14 11 13 
11 1 10 3 5 7 9 1 11 15 12 4 6 8 2 14 0 13 
14 1 10 3 5 7 9 1 11 15 12 4 6 8 2 0 14 13 
2 1 10 3 5 7 9 1 11 15 12 4 6 8 0 2 14 13 
9 1 10 3 5 7 0 1 11 15 12 4 6 8 9 2 14 13 
1 1 10 3 5 7 1 0 11 15 12 4 6 8 9 2 14 13 
11 1 10 3 5 7 1 11 0 15 12 4 6 8 9 2 14 13 
14 1 10 3 5 7 1 11 14 15 12 4 6 8 9 2 0 13 
13 1 10 3 5 7 1 11 14 15 12 4 6 8 9 2 13 0 
14 3 10 3 5 7 1 11 0 15 12 4 6 8 9 2 13 14 
13 1 10 3 5 7 1 11 13 15 12 4 6 8 9 2 0 14 
2 1 10 3 5 7 1 11 13 15 12 4 6 8 9 0 2 14 
11 1 10 3 5 7 1 0 13 15 12 4 6 8 9 11 2 14 
1 1 10 3 5 7 0 1 13 15 12 4 6 8 9 11 2 14 
9 1 10 3 5 7 9 1 13 15 12 4 6 8 0 11 2 14 
11 1 10 3 5 7 9 1 13 15 12 4 6 8 11 0 2 14 
2 1 10 3 5 7 9 1 13 15 12 4 6 8 11 2 0 14 
14 1 10 3 5 7 9 1 13 15 12 4 6 8 11 2 14 0 
13 3 10 3 5 7 9 1 0 15 12 4 6 8 11 2 14 13 
1 1 10 3 5 7 9 0 1 15 12 4 6 8 11 2 14 13 
2 1 10 3 5 7 9 2 1 15 12 4 6 8 11 0 14 13 
11 1 10 3 5 7 9 2 1 15 12 4 6 8 0 11 14 13 
9 1 10 3 5 7 0 2 1 15 12 4 6 8 9 11 14 13 
2 1 10 3 5 7 2 0 1 15 12 4 6 8 9 11 14 13 
11 1 10 3 5 7 2 11 1 15 12 4 6 8 9 0 14 13 
14 1 10 3 5 7 2 11 1 15 12 4 6 8 9 14 0 13 
13 1 10 3 5 7 2 11 1 15 12 4 6 8 9 14 13 0 
1 3 10 3 5 7 2 11 0 15 12 4 6 8 9 14 13 1 
13 1 10 3 5 7 2 11 13 15 12 4 6 8 9 14 0 1 
1 1 10 3 5 7 2 11 13 15 12 4 6 8 9 14 1 0 
15 1 10 3 5 7 2 11 13 0 12 4 6 8 9 14 1 15 
1 3 10 3 5 7 2 11 13 1 12 4 6 8 9 14 0 15 
15 1 10 3 5 7 2 11 13 1 12 4 6 8 9 14 15 0 
10 3 0 3 5 7 2 11 13 1 12 4 6 8 9 14 15 10 
1 2 1 3 5 7 2 11 13 0 12 4 6 8 9 14 15 10 
15 3 1 3 5 7 2 11 13 15 12 4 6 8 9 14 0 10 
10 1 1 3 5 7 2 11 13 15 12 4 6 8 9 14 10 0 
13 3 1 3 5 7 2 11 0 15 12 4 6 8 9 14 10 13 
10 1 1 3 5 7 2 11 10 15 12 4 6 8 9 14 0 13 
14 1 1 3 5 7 2 11 10 15 12 4 6 8 9 0 14 13 
11 1 1 3 5 7 2 0 10 15 12 4 6 8 9 11 14 13 
2 1 1 3 5 7 0 2 10 15 12 4 6 8 9 11 14 13 
9 1 1 3 5 7 9 2 10 15 12 4 6 8 0 11 14 13 
11 1 1 3 5 7 9 2 10 15 12 4 6 8 11 0 14 13 
2 1 1 3 5 7 9 0 10 15 12 4 6 8 11 2 14 13 
10 1 1 3 5 7 9 10 0 15 12 4 6 8 11 2 14 13 
14 1 1 3 5 7 9 10 14 15 12 4 6 8 11 2 0 13 
13 1 1 3 5 7 9 10 14 15 12 4 6 8 11 2 13 0 
14 3 1 3 5 7 9 10 0 15 12 4 6 8 11 2 13 14 
13 1 1 3 5 7 9 10 13 15 12 4 6 8 11 2 0 14 
14 1 1 3 5 7 9 10 13 15 12 4 6 8 11 2 14 0 
12 2 1 3 5 7 9 10 13 15 0 4 6 8 11 2 14 12 
15 3 1 3 5 7 9 10 13 0 15 4 6 8 11 2 14 12 
12 1 1 3 5 7 9 10 13 12 15 4 6 8 11 2 14 0 
13 3 1 3 5 7 9 10 0 12 15 4 6 8 11 2 14 13 
12 1 1 3 5 7 9 10 12 0 15 4 6 8 11 2 14 13 
15 3 1 3 5 7 9 10 12 15 0 4 6 8 11 2 14 13 
13 2 1 3 5 7 9 10 12 15 13 4 6 8 11 2 14 0 
14 1 1 3 5 7 9 10 12 15 13 4 6 8 11 2 0 14 
12 1 1 3 5 7 9 10 0 15 13 4 6 8 11 2 12 14 
10 1 1 3 5 7 9 0 10 15 13 4 6 8 11 2 12 14 
2 1 1 3 5 7 9 2 10 15 13 4 6 8 11 0 12 14 
12 1 1 3 5 7 9 2 10 15 13 4 6 8 11 12 0 14 
14 1 1 3 5 7 9 2 10 15 13 4 6 8 11 12 14 0 
13 2 1 3 5 7 9 2 10 15 0 4 6 8 11 12 14 13 
15 3 1 3 5 7 9 2 10 0 15 4 6 8 11 12 14 13 
13 1 1 3 5 7 9 2 10 13 15 4 6 8 11 12 14 0 
10 3 1 3 5 7 9 2 0 13 15 4 6 8 11 12 14 10 
13 1 1 3 5 7 9 2 13 0 15 4 6 8 11 12 14 10 
15 3 1 3 5 7 9 2 13 15 0 4 6 8 11 12 14 10 
10 2 1 3 5 7 9 2 13 15 10 4 6 8 11 12 14 0 
14 1 1 3 5 7 9 2 13 15 10 4 6 8 11 12 0 14 
12 1 1 3 5 7 9 2 13 15 10 4 6 8 11 0 12 14 
11 1 1 3 5 7 9 2 13 15 10 4 6 8 0 11 12 14 
9 1 1 3 5 7 0 2 13 15 10 4 6 8 9 11 12 14 
2 1 1 3 5 7 2 0 13 15 10 4 6 8 9 11 12 14 
11 1 1 3 5 7 2 11 13 15 10 4 6 8 9 0 12 14 
12 1 1 3 5 7 2 11 13 15 10 4 6 8 9 12 0 14 
13 1 1 3 5 7 2 11 0 15 10 4 6 8 9 12 13 14 
11 1 1 3 5 7 2 0 11 15 10 4 6 8 9 12 13 14 
2 1 1 3 5 7 0 2 11 15 10 4 6 8 9 12 13 14 
9 1 1 3 5 7 9 2 11 15 10 4 6 8 0 12 13 14 
12 1 1 3 5 7 9 2 11 15 10 4 6 8 12 0 13 14 
13 1 1 3 5 7 9 2 11 15 10 4 6 8 12 13 0 14 
14 1 1 3 5 7 9 2 11 15 10 4 6 8 12 13 14 0 
10 2 1 3 5 7 9 2 11 15 0 4 6 8 12 13 14 10 
15 3 1 3 5 7 9 2 11 0 15 4 6 8 12 13 14 10 
10 1 1 3 5 7 9 2 11 10 15 4 6 8 12 13 14 0 
11 3 1 3 5 7 9 2 0 10 15 4 6 8 12 13 14 11 
10 1 1 3 5 7 9 2 10 0 15 4 6 8 12 13 14 11 
15 3 1 3 5 7 9 2 10 15 0 4 6 8 12 13 14 11 
11 2 1 3 5 7 9 2 10 15 11 4 6 8 12 13 14 0 
14 1 1 3 5 7 9 2 10 15 11 4 6 8 12 13 0 14 
13 1 1 3 5 7 9 2 10 15 11 4 6 8 12 0 13 14 
12 1 1 3 5 7 9 2 10 15 11 4 6 8 0 12 13 14 
9 1 1 3 5 7 0 2 10 15 11 4 6 8 9 12 13 14 
2 1 1 3 5 7 2 0 10 15 11 4 6 8 9 12 13 14 
10 1 1 3 5 7 2 10 0 15 11 4 6 8 9 12 13 14 
13 1 1 3 5 7 2 10 13 15 11 4 6 8 9 12 0 14 
12 1 1 3 5 7 2 10 13 15 11 4 6 8 9 0 12 14 
10 1 1 3 5 7 2 0 13 15 11 4 6 8 9 10 12 14 
2 1 1 3 5 7 0 2 13 15 11 4 6 8 9 10 12 14 
9 1 1 3 5 7 9 2 13 15 11 4 6 8 0 10 12 14 
10 1 1 3 5 7 9 2 13 15 11 4 6 8 10 0 12 14 
12 1 1 3 5 7 9 2 13 15 11 4 6 8 10 12 0 14 
14 1 1 3 5 7 9 2 13 15 11 4 6 8 10 12 14 0 
11 2 1 3 5 7 9 2 13 15 0 4 6 8 10 12 14 11 
15 3 1 3 5 7 9 2 13 0 15 4 6 8 10 12 14 11 
11 1 1 3 5 7 9 2 13 11 15 4 6 8 10 12 14 0 
13 3 1 3 5 7 9 2 0 11 15 4 6 8 10 12 14 13 
11 1 1 3 5 7 9 2 11 0 15 4 6 8 10 12 14 13 
15 3 1 3 5 7 9 2 11 15 0 4 6 8 10 12 14 13 
13 2 1 3 5 7 9 2 11 15 13 4 6 8 10 12 14 0 
14 1 1 3 5 7 9 2 11 15 13 4 6 8 10 12 0 14 
12 1 1 3 5 7 9 2 11 15 13 4 6 8 10 0 12 14 
2 1 1 3 5 7 9 0 11 15 13 4 6 8 10 2 12 14 
11 1 1 3 5 7 9 11 0 15 13 4 6 8 10 2 12 14 
12 1 1 3 5 7 9 11 12 15 13 4 6 8 10 2 0 14 
14 1 1 3 5 7 9 11 12 15 13 4 6 8 10 2 14 0 
13 2 1 3 5 7 9 11 12 15 0 4 6 8 10 2 14 13 
15 3 1 3 5 7 9 11 12 0 15 4 6 8 10 2 14 13 
13 1 1 3 5 7 9 11 12 13 15 4 6 8 10 2 14 0 
12 3 1 3 5 7 9 11 0 13 15 4 6 8 10 2 14 12 
13 1 1 3 5 7 9 11 13 0 15 4 6 8 10 2 14 12 
15 3 1 3 5 7 9 11 13 15 0 4 6 8 10 2 14 12 
12 2 1 3 5 7 9 11 13 15 12 4 6 8 10 2 14 0 
14 1 1 3 5 7 9 11 13 15 12 4 6 8 10 2 0 14 
13 1 1 3 5 7 9 11 0 15 12 4 6 8 10 2 13 14 
11 1 1 3 5 7 9 0 11 15 12 4 6 8 10 2 13 14 
2 1 1 3 5 7 9 2 11 15 12 4 6 8 10 0 13 14 
13 1 1 3 5 7 9 2 11 15 12 4 6 8 10 13 0 14 
14 1 1 3 5 7 9 2 11 15 12 4 6 8 10 13 14 0 
12 2 1 3 5 7 9 2 11 15 0 4 6 8 10 13 14 12 
15 3 1 3 5 7 9 2 11 0 15 4 6 8 10 13 14 12 
12 1 1 3 5 7 9 2 11 12 15 4 6 8 10 13 14 0 
11 3 1 3 5 7 9 2 0 12 15 4 6 8 10 13 14 11 
12 1 1 3 5 7 9 2 12 0 15 4 6 8 10 13 14 11 
15 3 1 3 5 7 9 2 12 15 0 4 6 8 10 13 14 11 
11 2 1 3 5 7 9 2 12 15 11 4 6 8 10 13 14 0 
14 1 1 3 5 7 9 2 12 15 11 4 6 8 10 13 0 14 
13 1 1 3 5 7 9 2 12 15 11 4 6 8 10 0 13 14 
2 1 1 3 5 7 9 0 12 15 11 4 6 8 10 2 13 14 
12 1 1 3 5 7 9 12 0 15 11 4 6 8 10 2 13 14 
13 1 1 3 5 7 9 12 13 15 11 4 6 8 10 2 0 14 
2 1 1 3 5 7 9 12 13 15 11 4 6 8 10 0 2 14 
12 1 1 3 5 7 9 0 13 15 11 4 6 8 10 12 2 14 
13 1 1 3 5 7 9 13 0 15 11 4 6 8 10 12 2 14 
2 1 1 3 5 7 9 13 2 15 11 4 6 8 10 12 0 14 
14 1 1 3 5 7 9 13 2 15 11 4 6 8 10 12 14 0 
11 2 1 3 5 7 9 13 2 15 0 4 6 8 10 12 14 11 
15 3 1 3 5 7 9 13 2 0 15 4 6 8 10 12 14 11 
11 1 1 3 5 7 9 13 2 11 15 4 6 8 10 12 14 0 
2 3 1 3 5 7 9 13 0 11 15 4 6 8 10 12 14 2 
11 1 1 3 5 7 9 13 11 0 15 4 6 8 10 12 14 2 
15 3 1 3 5 7 9 13 11 15 0 4 6 8 10 12 14 2 
2 2 1 3 5 7 9 13 11 15 2 4 6 8 10 12 14 0 
11 3 1 3 5 7 9 13 0 15 2 4 6 8 10 12 14 11 
13 1 1 3 5 7 9 0 13 15 2 4 6 8 10 12 14 11 
12 1 1 3 5 7 9 12 13 15 2 4 6 8 10 0 14 11 
14 1 1 3 5 7 9 12 13 15 2 4 6 8 10 14 0 11 
11 1 1 3 5 7 9 12 13 15 2 4 6 8 10 14 11 0 
13 3 1 3 5 7 9 12 0 15 2 4 6 8 10 14 11 13 
11 1 1 3 5 7 9 12 11 15 2 4 6 8 10 14 0 13 
14 1 1 3 5 7 9 12 11 15 2 4 6 8 10 0 14 13 
12 1 1 3 5 7 9 0 11 15 2 4 6 8 10 12 14 13 
11 1 1 3 5 7 9 11 0 15 2 4 6 8 10 12 14 13 
14 1 1 3 5 7 9 11 14 15 2 4 6 8 10 12 0 13 
13 1 1 3 5 7 9 11 14 15 2 4 6 8 10 12 13 0 
14 3 1 3 5 7 9 11 0 15 2 4 6 8 10 12 13 14 
13 1 1 3 5 7 9 11 13 15 2 4 6 8 10 12 0 14 
14 1 1 3 5 7 9 11 13 15 2 4 6 8 10 12 14 0 
Total cost: 321 Execution time: 19.534542083740234