0 0 0 7 4 1 6 2 3 5 0 
8 1 7 7 4 1 0 2 3 5 6 
8 1 7 7 4 1 6 2 3 0 5 
10 3 7 0 4 1 6 2 3 5 7 
10 3 7 7 4 0 6 2 3 5 1 
10 2 8 7 4 1 6 0 3 5 2 
16 10 6 0 4 1 7 2 3 5 6 
16 9 7 7 4 0 1 2 3 5 6 
16 9 7 7 4 0 6 2 3 1 5 
16 9 7 7 4 1 6 2 0 3 5 
17 11 6 7 4 5 6 2 3 0 1 
18 11 7 4 0 1 6 2 3 5 7 
18 11 7 7 0 4 6 2 3 5 1 
18 11 7 7 4 1 5 2 3 0 6 
18 11 7 7 4 6 0 2 3 5 1 
19 11 8 0 4 1 6 7 3 5 2 
19 11 8 2 4 1 6 0 3 5 7 
19 12 7 6 4 1 0 2 3 5 7 
19 11 8 7 4 1 2 0 3 5 6 
19 11 8 7 4 1 6 3 0 5 2 
20 13 7 3 4 1 6 2 0 5 7 
21 13 8 7 0 1 6 4 3 5 2 
21 13 8 7 4 1 0 6 3 5 2 
23 17 6 4 0 1 7 2 3 5 6 
23 17 6 7 0 1 6 2 4 3 5 
23 17 6 7 4 5 1 2 3 0 6 
23 18 5 7 4 5 6 2 3 1 0 
24 17 7 2 4 1 7 0 3 5 6 
24 17 7 7 0 4 1 2 3 5 6 
24 17 7 7 0 4 6 2 3 1 5 
24 19 5 7 4 1 5 2 3 6 0 
24 18 6 7 4 5 6 2 0 3 1 
24 17 7 7 4 6 0 2 3 1 5 
25 19 6 3 4 1 7 2 0 5 6 
25 19 6 4 3 1 6 2 0 5 7 
25 20 5 6 4 1 7 2 3 5 0 
25 19 6 7 3 4 6 2 0 5 1 
25 17 8 7 4 1 6 0 2 3 5 
25 19 6 7 4 6 1 2 3 5 0 
26 20 6 0 4 6 7 2 3 5 1 
26 19 7 0 7 4 6 2 3 5 1 
26 19 7 4 1 0 6 2 3 5 7 
26 19 7 7 4 0 5 2 3 1 6 
26 19 7 7 4 1 5 2 0 3 6 
27 21 6 3 0 1 6 2 4 5 7 
27 20 7 6 4 0 1 2 3 5 7 
27 20 7 7 0 1 6 3 4 5 2 
28 20 8 0 4 1 2 7 3 5 6 
28 20 8 2 4 1 6 3 0 5 7 
28 21 7 2 4 1 6 7 3 5 0 
28 21 7 3 4 1 6 2 5 0 7 
28 20 8 4 0 1 6 7 3 5 2 
28 20 8 7 4 1 2 3 0 5 6 
28 20 8 7 4 1 6 3 5 0 2 
28 24 4 7 4 5 1 2 3 6 0 
28 21 7 7 4 6 5 2 3 0 1 
29 21 8 3 4 1 6 0 2 5 7 
29 24 5 4 3 1 7 2 0 5 6 
29 21 8 6 4 1 0 7 3 5 2 
29 22 7 6 4 1 5 2 3 0 7 
29 22 7 7 3 1 6 4 0 5 2 
29 22 7 7 4 1 2 6 3 5 0 
29 21 8 7 4 6 2 0 3 5 1 
30 23 7 0 4 1 7 6 3 5 2 
30 24 6 0 7 1 6 2 4 3 5 
30 22 8 0 7 1 6 4 3 5 2 
30 22 8 2 0 1 6 4 3 5 7 
30 22 8 2 4 1 0 6 3 5 7 
30 22 8 3 4 1 6 7 0 5 2 
30 24 6 4 1 0 7 2 3 5 6 
30 22 8 6 4 1 2 0 3 5 7 
30 22 8 7 0 1 2 4 3 5 6 
30 25 5 7 0 5 6 2 4 3 1 
30 24 6 7 1 0 6 2 4 3 5 
30 22 8 7 1 0 6 4 3 5 2 
30 22 8 7 4 0 1 6 3 5 2 
30 24 6 7 4 5 1 2 0 3 6 
31 26 5 3 0 1 7 2 4 5 6 
31 25 6 7 3 4 1 2 0 5 6 
31 25 6 7 3 4 6 2 0 1 5 
31 25 6 7 4 1 0 2 3 6 5 
32 26 6 0 4 5 6 2 3 1 7 
32 26 6 0 4 6 7 2 3 1 5 
32 25 7 0 7 4 1 2 3 5 6 
32 25 7 0 7 4 6 2 3 1 5 
32 25 7 2 4 1 7 3 0 5 6 
32 26 6 3 4 1 7 2 5 0 6 
32 26 6 4 3 1 6 2 5 0 7 
32 26 6 6 4 1 7 2 3 0 5 
32 26 6 7 3 4 6 2 5 0 1 
32 24 8 7 4 1 5 6 3 0 2 
32 25 7 7 4 5 6 0 2 3 1 
32 25 7 7 4 5 6 0 3 1 2 
33 28 5 0 3 1 6 2 4 5 7 
33 27 6 0 4 1 5 2 3 6 7 
33 29 4 1 4 6 7 2 3 5 0 
33 26 7 3 4 1 7 0 2 5 6 
33 27 6 4 0 6 7 2 3 5 1 
33 27 6 4 1 5 6 2 3 0 7 
33 26 7 4 3 1 6 0 2 5 7 
33 27 6 7 0 1 5 2 4 3 6 
33 26 7 7 3 4 6 0 2 5 1 
33 26 7 7 4 1 5 0 3 6 2 
33 27 6 7 4 1 6 5 2 3 0 
33 27 6 7 4 5 0 2 3 1 6 
33 26 7 7 4 6 1 2 3 0 5 
34 26 8 0 4 1 6 7 2 3 5 
34 29 5 1 7 4 6 2 3 5 0 
34 27 7 2 0 1 7 4 3 5 6 
34 27 7 2 4 6 7 0 3 5 1 
34 28 6 3 1 0 6 2 4 5 7 
34 27 7 4 1 6 0 2 3 5 7 
34 28 6 6 4 0 7 2 3 5 1 
34 28 6 6 4 5 1 2 3 0 7 
34 27 7 7 0 4 5 2 3 1 6 
34 29 5 7 4 5 0 2 3 6 1 
35 28 7 0 4 6 1 2 3 5 7 
35 28 7 0 7 1 6 3 4 5 2 
35 27 8 2 7 4 6 0 3 5 1 
35 29 6 3 4 1 6 2 5 7 0 
35 29 6 3 4 6 7 2 0 5 1 
35 30 5 4 3 1 7 2 5 0 6 
35 28 7 6 0 4 1 2 3 5 7 
35 28 7 6 7 4 0 2 3 5 1 
35 28 7 7 1 0 6 3 4 5 2 
35 29 6 7 4 0 5 2 3 6 1 
35 27 8 7 4 1 5 0 2 3 6 
35 27 8 7 4 6 1 0 3 5 2 
35 27 8 7 4 6 2 0 3 1 5 
35 29 6 7 4 6 5 2 3 1 0 
36 32 4 0 3 1 7 2 4 5 6 
36 31 5 0 4 5 1 2 3 6 7 
36 31 5 0 7 5 6 2 4 3 1 
36 29 7 2 0 1 6 3 4 5 7 
36 29 7 3 4 0 6 2 5 1 7 
36 29 7 3 7 4 6 2 0 5 1 
36 31 5 4 1 5 7 2 3 0 6 
36 29 7 4 3 1 6 7 0 5 2 
36 30 6 4 3 1 7 0 2 5 6 
36 30 6 6 4 1 5 2 3 7 0 
36 29 7 7 0 1 2 3 4 5 6 
36 28 8 7 0 1 6 4 2 3 5 
36 31 5 7 0 5 1 2 4 3 6 
36 30 6 7 3 1 6 0 4 5 2 
36 28 8 7 4 1 0 6 2 3 5 
36 29 7 7 4 1 6 3 5 2 0 
36 30 6 7 4 5 1 0 3 6 2 
36 29 7 7 4 6 5 2 0 3 1 
37 29 8 2 4 1 0 7 3 5 6 
37 29 8 2 4 1 6 3 5 0 7 
37 29 8 2 4 1 6 7 3 0 5 
37 31 6 2 4 1 7 6 3 5 0 
37 32 5 3 1 0 7 2 4 5 6 
37 33 4 3 4 1 7 2 5 6 0 
37 29 8 4 0 1 2 7 3 5 6 
37 29 8 4 1 0 6 7 3 5 2 
37 30 7 6 4 0 5 2 3 1 7 
37 30 7 6 4 1 5 2 0 3 7 
37 31 6 7 1 3 6 2 4 0 5 
37 31 6 7 1 6 0 2 4 3 5 
37 30 7 7 3 1 6 4 5 0 2 
37 29 8 7 4 0 6 3 5 1 2 
37 29 8 7 4 1 2 3 5 0 6 
37 31 6 7 5 0 6 2 4 3 1 
38 31 7 0 2 1 6 4 3 5 7 
38 30 8 0 4 1 6 3 2 5 7 
38 33 5 0 4 1 7 2 3 6 5 
38 30 8 0 4 6 2 7 3 5 1 
38 31 7 2 3 1 6 4 0 5 7 
38 31 7 2 7 1 6 0 4 3 5 
38 31 7 3 0 1 6 7 4 5 2 
38 31 7 3 4 1 6 7 2 5 0 
38 31 7 4 0 1 7 6 3 5 2 
38 31 7 4 1 7 0 2 3 5 6 
38 33 5 4 3 1 6 2 5 7 0 
38 33 5 5 7 1 6 2 4 3 0 
38 30 8 6 4 0 1 7 3 5 2 
38 31 7 6 4 1 7 0 3 5 2 
38 32 6 6 7 1 0 2 4 3 5 
38 31 7 7 1 5 6 4 3 0 2 
38 31 7 7 3 1 2 4 0 5 6 
38 32 6 7 3 4 1 2 5 0 6 
38 32 6 7 3 4 6 2 1 0 5 
38 33 5 7 3 4 6 2 5 1 0 
38 30 8 7 4 1 2 6 3 0 5 
38 31 7 7 4 5 1 0 2 3 6 
38 31 7 7 4 5 1 6 3 0 2 
38 31 7 7 4 6 2 1 3 5 0 
38 30 8 7 4 6 2 3 0 5 1 
39 31 8 0 4 1 2 6 3 5 7 
39 31 8 0 7 1 2 4 3 5 6 
39 34 5 1 4 6 7 2 3 0 5 
39 33 6 2 0 1 7 3 4 5 6 
39 31 8 2 1 0 6 4 3 5 7 
39 31 8 2 4 0 1 6 3 5 7 
39 31 8 2 4 0 6 7 3 5 1 
39 33 6 3 4 0 7 2 5 1 6 
39 31 8 3 4 1 2 7 0 5 6 
39 31 8 3 4 1 6 0 7 5 2 
39 31 8 3 4 1 6 7 5 0 2 
39 33 6 4 0 5 6 2 3 1 7 
39 33 6 4 0 6 7 2 3 1 5 
39 34 5 4 1 5 6 2 3 7 0 
39 33 6 4 3 0 6 2 5 1 7 
39 36 3 4 3 1 7 2 5 6 0 
39 34 5 4 3 6 7 2 0 5 1 
39 31 8 4 7 1 6 0 3 5 2 
39 33 6 6 4 0 7 2 3 1 5 
39 31 8 6 4 1 2 3 0 5 7 
39 32 7 6 4 1 2 7 3 5 0 
39 33 6 6 4 1 7 2 0 3 5 
39 31 8 7 0 4 1 6 3 5 2 
39 31 8 7 1 0 2 4 3 5 6 
39 31 8 7 1 6 0 4 3 5 2 
39 33 6 7 3 0 6 2 5 4 1 
39 32 7 7 3 4 1 0 2 5 6 
39 32 7 7 3 4 6 0 2 1 5 
40 33 7 0 4 5 6 7 2 3 1 
40 33 7 0 4 5 6 7 3 1 2 
40 35 5 0 4 5 7 2 3 1 6 
40 36 4 0 4 5 7 2 3 6 1 
40 34 6 0 7 1 5 2 4 3 6 
40 33 7 2 4 1 7 3 5 0 6 
40 33 7 2 4 5 6 0 3 1 7 
40 33 7 2 4 6 7 0 3 1 5 
40 33 7 2 7 1 6 4 3 5 0 
40 32 8 3 0 1 6 4 2 5 7 
40 35 5 3 1 5 6 2 4 0 7 
40 32 8 3 4 1 0 6 2 5 7 
40 33 7 3 4 1 7 6 0 5 2 
40 34 6 4 0 1 5 2 3 6 7 
40 34 6 4 1 5 6 2 0 3 7 
40 37 3 4 1 5 7 2 3 6 0 
40 35 5 4 1 6 7 2 3 5 0 
40 34 6 4 6 0 7 2 3 5 1 
40 33 7 4 7 1 6 2 0 3 5 
40 35 5 5 4 6 7 2 3 1 0 
40 35 5 6 3 1 0 2 4 5 7 
40 32 8 6 4 1 5 7 3 0 2 
40 35 5 6 4 5 1 2 3 7 0 
40 35 5 6 4 5 7 2 3 0 1 
40 32 8 6 7 1 0 4 3 5 2 
40 32 8 7 0 6 2 4 3 5 1 
40 34 6 7 1 0 5 2 4 3 6 
40 34 6 7 4 0 1 2 3 6 5 
40 32 8 7 4 0 2 6 3 5 1 
40 33 7 7 4 1 5 6 3 2 0 
40 34 6 7 4 5 6 1 2 3 0 
40 33 7 7 4 5 6 3 0 1 2 
41 34 7 0 3 1 6 4 2 5 7 
41 34 7 0 3 4 6 7 2 5 1 
41 34 7 0 4 1 5 7 3 6 2 
41 34 7 0 4 1 7 3 2 5 6 
41 36 5 1 4 0 7 2 3 5 6 
41 35 6 1 4 6 7 0 3 5 2 
41 35 6 1 7 4 0 2 3 5 6 
41 35 6 1 7 4 6 2 3 0 5 
41 35 6 2 3 1 7 4 0 5 6 
41 34 7 2 4 1 5 0 3 6 7 
41 33 8 2 4 1 5 6 3 0 7 
41 33 8 2 7 4 1 0 3 5 6 
41 33 8 2 7 4 6 0 3 1 5 
41 36 5 3 0 6 7 2 4 5 1 
41 35 6 3 1 6 0 2 4 5 7 
41 35 6 3 4 1 7 6 2 5 0 
41 35 6 3 4 5 6 2 0 1 7 
41 35 6 3 4 6 7 2 0 1 5 
41 33 8 3 7 1 6 4 0 5 2 
41 36 5 4 3 0 7 2 5 1 6 
41 35 6 4 3 1 6 7 2 5 0 
41 35 6 5 4 1 0 2 3 6 7 
41 35 6 5 7 4 6 2 3 1 0 
41 33 8 6 0 1 2 4 3 5 7 
41 35 6 6 0 4 7 2 3 5 1 
41 35 6 6 4 5 1 2 0 3 7 
41 34 7 6 7 4 0 2 3 1 5 
41 35 6 7 3 4 5 2 0 1 6 
41 35 6 7 3 4 6 1 2 5 0 
41 33 8 7 4 0 5 6 3 1 2 
41 34 7 7 4 1 2 0 3 6 5 
41 34 7 7 4 1 5 3 0 6 2 
41 33 8 7 4 1 5 6 0 3 2 
41 34 7 7 4 1 6 5 2 0 3 
41 34 7 7 4 6 1 2 0 3 5 
42 35 7 0 2 1 7 4 3 5 6 
42 35 7 0 7 4 5 2 3 1 6 
42 37 5 0 7 5 1 2 4 3 6 
42 38 4 1 4 5 0 2 3 6 7 
42 39 3 1 7 5 6 2 4 3 0 
42 35 7 2 1 0 7 4 3 5 6 
42 37 5 2 3 1 7 0 4 5 6 
42 36 6 2 4 6 7 1 3 5 0 
42 35 7 2 4 6 7 3 0 5 1 
42 38 4 3 1 5 7 2 4 0 6 
42 36 6 3 4 1 5 2 0 6 7 
42 36 6 3 4 6 7 2 5 0 1 
42 35 7 3 7 4 1 2 0 5 6 
42 35 7 3 7 4 6 2 0 1 5 
42 37 5 4 0 5 1 2 3 6 7 
42 37 5 4 1 5 7 2 0 3 6 
42 36 6 6 3 4 1 2 0 5 7 
42 35 7 6 4 7 0 2 3 5 1 
42 36 6 6 7 4 1 2 3 5 0 
42 36 6 7 0 4 5 2 3 6 1 
42 35 7 7 0 5 6 4 2 3 1 
42 35 7 7 0 5 6 4 3 1 2 
42 36 6 7 1 5 6 3 4 0 2 
42 38 4 7 3 1 6 2 4 5 0 
42 35 7 7 4 5 0 6 2 3 1 
42 35 7 7 4 5 0 6 3 1 2 
43 36 7 0 1 6 4 2 3 5 7 
43 37 6 0 3 1 7 4 2 5 6 
43 36 7 0 4 1 6 5 2 3 7 
43 37 6 0 4 5 1 7 3 6 2 
43 36 7 0 6 4 1 2 3 5 7 
43 37 6 1 4 6 0 2 3 5 7 
43 37 6 1 7 0 6 2 3 5 4 
43 36 7 1 7 4 6 0 3 5 2 
43 37 6 2 4 5 1 0 3 6 7 
43 37 6 2 7 5 6 0 4 3 1 
43 36 7 3 0 1 7 4 2 5 6 
43 36 7 3 4 1 0 2 5 7 6 
43 36 7 3 4 6 7 0 2 5 1 
43 35 8 4 0 1 6 7 2 3 5 
43 36 7 4 0 6 1 2 3 5 7 
43 36 7 4 3 1 0 6 2 5 7 
43 38 5 4 3 1 7 6 2 5 0 
43 36 7 6 7 0 4 2 3 5 1 
43 38 5 6 7 5 0 2 4 3 1 
43 36 7 7 0 1 5 4 3 6 2 
43 37 6 7 0 6 5 2 4 3 1 
43 38 5 7 1 3 6 2 4 5 0 
43 36 7 7 1 6 0 3 4 5 2 
43 38 5 7 1 6 5 2 4 3 0 
43 38 5 7 3 1 0 2 4 5 6 
43 36 7 7 3 4 0 6 2 5 1 
43 39 4 7 3 4 1 2 5 6 0 
43 36 7 7 4 0 6 5 2 3 1 
43 36 7 7 4 1 0 5 3 6 2 
43 37 6 7 4 5 1 3 0 6 2 
43 36 7 7 4 5 2 0 3 1 6 
43 37 6 7 4 5 2 0 3 6 1 
43 37 6 7 4 6 2 5 3 1 0 
43 37 6 7 5 0 1 2 4 3 6 
44 39 5 0 1 6 7 2 4 3 5 
44 37 7 0 2 1 6 3 4 5 7 
44 36 8 0 4 1 5 7 2 3 6 
44 36 8 0 4 6 1 7 3 5 2 
44 36 8 0 4 6 2 7 3 1 5 
44 37 7 0 7 1 2 3 4 5 6 
44 40 4 1 4 0 7 2 3 6 5 
44 37 7 2 0 6 7 4 3 5 1 
44 37 7 2 1 0 6 3 4 5 7 
44 38 6 2 4 1 6 3 5 7 0 
44 36 8 2 4 6 1 0 3 5 7 
44 38 6 2 7 1 6 3 4 5 0 
44 37 7 2 7 4 6 1 3 5 0 
44 36 8 2 7 4 6 3 0 5 1 
44 37 7 3 0 4 6 2 5 1 7 
44 37 7 3 0 4 6 2 7 5 1 
44 38 6 3 1 7 0 2 4 5 6 
44 38 6 3 4 1 0 2 5 6 7 
44 37 7 3 4 1 6 0 5 7 2 
44 39 5 3 4 5 1 2 0 6 7 
44 37 7 3 4 6 0 2 5 1 7 
44 37 7 3 7 4 6 2 5 0 1 
44 39 5 4 0 1 7 2 3 6 5 
44 37 7 4 1 6 5 2 3 0 7 
44 37 7 4 3 1 6 0 7 5 2 
44 37 7 4 3 1 6 7 5 0 2 
44 37 7 5 4 1 6 7 2 3 0 
44 38 6 6 0 1 5 2 4 3 7 
44 41 3 6 3 1 7 2 4 5 0 
44 37 7 6 4 1 0 2 3 7 5 
44 36 8 6 4 1 0 7 2 3 5 
44 38 6 6 4 5 0 2 3 1 7 
44 37 7 6 7 1 0 3 4 5 2 
44 36 8 7 0 4 6 3 2 5 1 
44 37 7 7 1 0 2 3 4 5 6 
44 37 7 7 2 1 6 4 0 3 5 
44 38 6 7 3 1 6 4 5 2 0 
44 39 5 7 3 4 6 2 1 5 0 
44 38 6 7 4 1 2 3 5 6 0 
44 37 7 7 4 1 5 6 2 3 0 
44 36 8 7 4 6 1 3 0 5 2 
44 36 8 7 4 6 2 3 0 1 5 
44 38 6 7 5 3 6 2 4 0 1 
44 38 6 7 5 6 0 2 4 3 1 
45 39 6 0 3 1 6 7 4 5 2 
45 38 7 0 4 1 6 2 5 7 3 
45 40 5 0 4 1 7 2 5 6 3 
45 38 7 0 4 1 7 6 2 3 5 
45 38 7 0 4 6 5 2 3 1 7 
45 37 8 0 7 1 6 4 2 3 5 
45 43 2 1 4 5 7 2 3 6 0 
45 40 5 1 4 6 7 2 0 3 5 
45 39 6 2 3 1 6 0 4 5 7 
45 39 6 2 4 1 7 0 3 6 5 
45 38 7 2 4 1 7 6 3 0 5 
45 41 4 3 1 5 6 2 4 7 0 
45 43 2 3 1 5 7 2 4 6 0 
45 38 7 3 4 0 6 2 5 7 1 
45 39 6 3 4 1 7 0 5 6 2 
45 38 7 3 4 6 1 2 0 5 7 
45 37 8 3 7 4 6 0 2 5 1 
45 41 4 4 0 5 7 2 3 6 1 
45 38 7 4 1 5 6 7 3 0 2 
45 37 8 4 1 6 2 0 3 5 7 
45 39 6 4 1 7 6 2 3 5 0 
45 40 5 4 3 1 0 2 5 6 7 
45 39 6 4 3 1 0 2 5 7 6 
45 38 7 4 3 1 2 7 0 5 6 
45 39 6 4 3 1 7 6 0 5 2 
45 40 5 4 3 5 6 2 0 1 7 
45 40 5 4 3 6 7 2 0 1 5 
45 40 5 4 3 6 7 2 5 0 1 
45 39 6 4 7 5 6 2 0 3 1 
45 39 6 5 7 1 6 2 4 0 3 
45 40 5 6 0 1 7 2 4 3 5 
45 38 7 6 0 4 5 2 3 1 7 
45 38 7 6 4 1 5 0 3 7 2 
45 41 4 6 4 5 7 2 3 1 0 
45 39 6 6 7 0 1 2 4 3 5 
45 38 7 6 7 4 5 2 3 0 1 
45 39 6 7 0 5 1 4 3 6 2 
45 37 8 7 1 0 6 4 2 3 5 
45 38 7 7 1 3 6 2 0 4 5 
45 39 6 7 1 5 6 4 3 2 0 
45 39 6 7 3 0 1 2 5 4 6 
45 39 6 7 3 0 6 2 1 4 5 
45 38 7 7 3 0 6 4 5 1 2 
45 39 6 7 3 1 0 6 4 5 2 
45 39 6 7 3 1 2 0 4 5 6 
45 39 6 7 3 4 0 2 5 1 6 
45 37 8 7 4 0 1 6 2 3 5 
45 37 8 7 4 1 0 3 5 2 6 
45 38 7 7 4 1 0 5 2 3 6 
45 39 6 7 4 5 0 1 3 6 2 
45 39 6 7 4 5 1 6 3 2 0 
45 37 8 7 4 6 5 0 2 3 1 
45 37 8 7 4 6 5 0 3 1 2 
46 40 6 0 2 1 7 3 4 5 6 
46 42 4 0 3 1 7 2 5 6 4 
46 42 4 0 3 6 7 2 4 5 1 
46 39 7 0 4 1 5 2 3 7 6 
46 39 7 0 4 5 1 7 2 3 6 
46 42 4 1 4 5 7 2 3 0 6 
46 40 6 2 1 0 7 3 4 5 6 
46 39 7 2 3 1 6 4 5 0 7 
46 38 8 2 4 0 1 7 3 5 6 
46 38 8 2 4 0 6 3 5 1 7 
46 38 8 2 4 0 6 7 3 1 5 
46 38 8 2 4 1 6 7 0 3 5 
46 41 5 2 4 1 7 3 5 6 0 
46 41 5 2 4 5 7 0 3 6 1 
46 40 6 2 7 1 6 5 4 3 0 
46 38 8 2 7 4 0 6 3 5 1 
46 40 6 3 0 4 7 2 5 1 6 
46 39 7 3 1 0 6 7 4 5 2 
46 42 4 3 1 6 7 2 4 5 0 
46 41 5 3 4 1 7 2 0 6 5 
46 41 5 4 0 5 7 2 3 1 6 
46 38 8 4 1 0 2 7 3 5 6 
46 39 7 4 1 0 7 6 3 5 2 
46 41 5 4 1 5 0 2 3 6 7 
46 40 6 4 1 5 0 2 3 7 6 
46 38 8 4 1 6 0 7 3 5 2 
46 39 7 4 2 1 6 0 3 5 7 
46 42 4 4 3 0 7 2 5 6 1 
46 41 5 4 3 1 5 2 0 6 7 
46 41 5 4 3 1 7 0 5 6 2 
46 40 6 4 3 6 0 2 5 1 7 
46 40 6 4 3 6 7 0 2 5 1 
46 40 6 4 6 0 7 2 3 1 5 
46 41 5 4 6 5 7 2 3 0 1 
46 42 4 5 4 1 7 2 3 6 0 
46 40 6 6 0 4 7 2 3 1 5 
46 41 5 6 3 0 1 2 4 5 7 
46 39 7 6 4 0 5 2 3 7 1 
46 38 8 6 4 1 5 0 2 3 7 
46 39 7 6 4 1 7 3 0 5 2 
46 39 7 6 4 5 1 7 3 0 2 
46 41 5 6 4 5 7 2 0 3 1 
46 38 8 6 7 4 2 0 3 5 1 
46 38 8 7 0 1 5 4 2 3 6 
46 38 8 7 0 4 6 3 5 1 2 
46 38 8 7 0 6 1 4 3 5 2 
46 39 7 7 0 6 2 3 4 5 1 
46 38 8 7 0 6 2 4 3 1 5 
46 41 5 7 1 5 0 2 4 3 6 
46 39 7 7 1 5 6 4 0 3 2 
46 40 6 7 1 6 3 2 4 0 5 
46 39 7 7 3 1 2 4 5 0 6 
46 40 6 7 3 6 0 2 5 4 1 
46 38 8 7 4 0 2 3 5 1 6 
46 38 8 7 4 1 6 0 5 2 3 
46 39 7 7 4 5 1 6 0 3 2 
46 38 8 7 4 6 0 3 5 1 2 
47 43 4 0 1 5 7 2 3 6 4 
47 40 7 0 1 7 4 2 3 5 6 
47 41 6 0 3 1 6 2 5 7 4 
47 40 7 0 3 4 1 7 2 5 6 
47 40 7 0 3 4 6 7 2 1 5 
47 39 8 0 4 1 6 3 5 2 7 
47 42 5 1 0 4 7 2 3 5 6 
47 41 6 1 4 6 2 7 3 5 0 
47 43 4 1 7 5 0 2 4 3 6 
47 43 4 1 7 5 6 2 4 0 3 
47 40 7 2 1 5 6 4 3 0 7 
47 40 7 2 4 0 7 6 3 5 1 
47 40 7 2 4 5 1 6 3 0 7 
47 40 7 2 4 5 6 7 3 0 1 
47 41 6 2 4 5 7 0 3 1 6 
47 39 8 2 7 1 6 4 0 3 5 
47 40 7 3 0 1 2 7 4 5 6 
47 41 6 3 0 1 7 6 4 5 2 
47 42 5 3 0 5 6 2 4 1 7 
47 42 5 3 0 6 7 2 4 1 5 
47 41 6 3 1 5 6 2 0 4 7 
47 39 8 3 4 1 0 7 2 5 6 
47 41 6 3 4 1 6 2 7 5 0 
47 39 8 3 4 1 6 7 2 0 5 
47 40 7 3 4 1 6 7 5 2 0 
47 43 4 3 4 5 7 2 0 6 1 
47 40 7 3 4 7 0 2 5 1 6 
47 42 5 3 6 0 7 2 4 5 1 
47 39 8 4 0 1 6 3 2 5 7 
47 40 7 4 0 3 6 2 5 1 7 
47 41 6 4 0 5 6 2 1 3 7 
47 39 8 4 0 6 2 7 3 5 1 
47 42 5 4 1 5 7 0 3 6 2 
47 41 6 4 1 6 7 2 3 0 5 
47 41 6 4 3 0 6 2 5 7 1 
47 40 7 4 3 1 6 0 5 7 2 
47 43 4 4 3 5 1 2 0 6 7 
47 40 7 4 5 0 6 2 3 1 7 
47 41 6 4 7 1 6 2 3 5 0 
47 41 6 5 4 6 7 2 3 0 1 
47 41 6 5 7 0 6 2 4 3 1 
47 40 7 5 7 1 6 0 4 3 2 
47 40 7 6 0 1 2 3 4 5 7 
47 39 8 6 0 4 1 7 3 5 2 
47 42 5 6 0 5 1 2 4 3 7 
47 40 7 6 2 1 0 4 3 5 7 
47 42 5 6 3 4 7 2 0 5 1 
47 41 6 6 4 5 0 2 3 7 1 
47 40 7 6 4 7 0 2 3 1 5 
47 41 6 6 7 1 3 2 4 0 5 
47 40 7 7 0 3 6 2 5 4 1 
47 41 6 7 0 4 1 2 3 6 5 
47 41 6 7 0 5 6 3 4 1 2 
47 41 6 7 1 3 5 2 4 0 6 
47 40 7 7 1 5 2 4 3 0 6 
47 40 7 7 1 6 2 0 4 3 5 
47 40 7 7 1 6 2 4 3 5 0 
47 41 6 7 2 1 6 4 3 5 0 
47 41 6 7 3 0 6 2 5 1 4 
47 40 7 7 3 4 1 6 0 5 2 
47 40 7 7 3 4 6 0 5 1 2 
47 41 6 7 3 4 6 5 2 1 0 
47 39 8 7 4 0 2 6 3 1 5 
47 39 8 7 4 0 6 3 5 2 1 
47 39 8 7 4 1 2 6 0 3 5 
47 39 8 7 4 1 3 6 2 0 5 
47 39 8 7 4 6 0 1 3 5 2 
47 39 8 7 4 6 2 1 3 0 5 
47 39 8 7 4 6 2 3 5 0 1 
48 42 6 0 1 5 6 2 3 7 4 
48 41 7 0 1 6 7 4 3 5 2 
48 40 8 0 4 1 6 3 7 5 2 
48 42 6 0 6 4 7 2 3 5 1 
48 40 8 0 7 4 1 6 3 5 2 
48 43 5 1 4 0 5 2 3 6 7 
48 43 5 1 4 5 6 7 2 3 0 
48 42 6 1 4 6 7 3 0 5 2 
48 42 6 1 4 7 0 2 3 5 6 
48 42 6 1 7 0 4 2 3 5 6 
48 42 6 1 7 0 6 2 3 4 5 
48 42 6 1 7 4 6 2 0 3 5 
48 40 8 2 0 4 1 6 3 5 7 
48 40 8 2 0 4 6 7 3 5 1 
48 40 8 2 1 6 0 4 3 5 7 
48 42 6 2 3 1 7 4 5 0 6 
48 44 4 2 3 1 7 6 4 5 0 
48 41 7 2 4 0 7 3 5 1 6 
48 42 6 2 4 1 5 6 3 7 0 
48 40 8 2 4 1 5 7 3 0 6 
48 41 7 2 4 5 6 3 0 1 7 
48 42 6 2 4 5 6 7 3 1 0 
48 40 8 2 4 6 0 7 3 5 1 
48 41 7 2 4 6 7 3 0 1 5 
48 42 6 2 4 6 7 5 3 1 0 
48 41 7 2 7 1 0 6 4 3 5 
48 41 7 2 7 1 5 0 4 3 6 
48 43 5 3 0 1 5 2 4 6 7 
48 43 5 3 1 5 7 2 0 4 6 
48 41 7 3 2 1 6 4 0 5 7 
48 40 8 3 4 0 6 7 5 1 2 
48 43 5 3 4 0 7 2 5 6 1 
48 40 8 3 4 1 2 0 7 5 6 
48 40 8 3 4 1 2 7 5 0 6 
48 41 7 3 4 1 7 0 6 5 2 
48 41 7 3 4 1 7 6 5 0 2 
48 42 6 3 4 5 6 2 1 0 7 
48 43 5 3 4 5 7 2 0 1 6 
48 42 6 3 4 6 7 2 1 0 5 
48 40 8 4 0 1 2 6 3 5 7 
48 41 7 4 0 1 6 2 7 3 5 
48 42 6 4 0 3 7 2 5 1 6 
48 41 7 4 0 5 6 7 2 3 1 
48 41 7 4 0 5 6 7 3 1 2 
48 43 5 4 0 5 7 2 1 3 6 
48 41 7 4 1 5 6 0 2 3 7 
48 41 7 4 1 5 6 0 3 7 2 
48 41 7 4 1 7 5 2 3 0 6 
48 42 6 4 3 7 0 2 5 1 6 
48 41 7 4 6 7 0 2 3 5 1 
48 40 8 4 7 1 2 0 3 5 6 
48 41 7 4 7 1 6 2 3 0 5 
48 40 8 4 7 1 6 3 0 5 2 
48 42 6 5 4 0 1 2 3 6 7 
48 42 6 5 7 1 0 2 4 3 6 
48 41 7 6 0 1 7 4 3 5 2 
48 43 5 6 3 1 5 2 4 0 7 
48 40 8 6 4 1 0 3 2 5 7 
48 40 8 6 4 1 2 3 5 0 7 
48 40 8 6 4 1 2 7 3 0 5 
48 41 7 6 4 1 5 7 3 2 0 
48 41 7 6 7 1 2 0 4 3 5 
48 41 7 6 7 1 2 4 3 5 0 
48 43 5 6 7 1 5 2 4 3 0 
48 44 4 6 7 5 1 2 4 3 0 
48 42 6 7 0 1 5 3 4 6 2 
48 41 7 7 0 5 1 4 2 3 6 
48 42 6 7 0 6 1 2 4 3 5 
48 40 8 7 1 2 0 4 3 5 6 
48 43 5 7 1 5 6 3 4 2 0 
48 43 5 7 3 1 6 2 4 0 5 
48 43 5 7 3 4 5 2 0 6 1 
48 42 6 7 3 4 5 2 1 0 6 
48 41 7 7 3 6 2 4 0 5 1 
48 41 7 7 4 1 6 3 2 5 0 
48 41 7 7 4 5 0 1 2 3 6 
48 41 7 7 4 5 2 6 3 0 1 
48 41 7 7 4 5 6 1 2 0 3 
48 41 7 7 4 5 6 3 1 0 2 
49 43 6 0 1 6 3 2 4 5 7 
49 43 6 0 1 6 7 2 3 5 4 
49 42 7 0 4 1 2 7 3 6 5 
49 41 8 0 4 1 6 7 2 5 3 
49 43 6 0 4 5 1 2 3 7 6 
49 41 8 0 4 6 2 1 3 5 7 
49 43 6 0 7 4 5 2 3 6 1 
49 41 8 0 7 6 2 4 3 5 1 
49 45 4 1 0 4 7 2 3 6 5 
49 44 5 1 3 4 6 7 2 5 0 
49 44 5 1 7 5 6 0 4 3 2 
49 44 5 1 7 5 6 2 3 0 4 
49 43 6 2 0 6 7 3 4 5 1 
49 43 6 2 1 5 7 4 3 0 6 
49 42 7 2 4 1 5 3 0 6 7 
49 43 6 2 4 1 5 7 3 6 0 
49 41 8 2 7 1 0 4 3 5 6 
49 43 6 2 7 4 6 5 3 1 0 
49 43 6 2 7 5 1 0 4 3 6 
49 45 4 3 0 5 1 2 4 6 7 
49 41 8 3 1 0 6 4 2 5 7 
49 41 8 3 4 0 1 6 2 5 7 
49 41 8 3 4 0 6 7 2 5 1 
49 42 7 3 4 1 7 6 2 0 5 
49 42 7 3 4 5 6 0 2 1 7 
49 41 8 3 4 6 2 7 0 5 1 
49 42 7 3 4 6 7 0 2 1 5 
49 42 7 3 7 1 6 0 4 5 2 
49 42 7 4 0 1 5 7 3 6 2 
49 42 7 4 0 1 7 3 2 5 6 
49 42 7 4 1 0 6 2 3 7 5 
49 43 6 4 1 5 7 0 2 3 6 
49 42 7 4 1 6 7 0 3 5 2 
49 41 8 4 1 7 2 0 3 5 6 
49 42 7 4 3 1 0 7 2 5 6 
49 42 7 4 3 1 6 7 2 0 5 
49 45 4 4 3 1 7 2 0 6 5 
49 46 3 4 3 5 7 2 0 6 1 
49 43 6 4 5 0 1 2 3 6 7 
49 43 6 5 4 0 7 2 3 1 6 
49 42 7 5 4 6 7 0 3 1 2 
49 42 7 5 7 4 6 2 3 0 1 
49 43 6 6 3 1 2 0 4 5 7 
49 42 7 6 3 1 2 4 0 5 7 
49 45 4 6 3 1 7 2 4 0 5 
49 43 6 6 3 4 1 2 5 0 7 
49 41 8 6 4 0 5 7 3 1 2 
49 41 8 6 4 1 5 7 0 3 2 
49 42 7 6 4 5 0 7 2 3 1 
49 42 7 6 4 5 0 7 3 1 2 
49 42 7 6 4 5 1 0 2 3 7 
49 42 7 6 4 5 1 0 3 7 2 
49 43 6 6 4 7 1 2 3 5 0 
49 41 8 6 7 0 1 4 3 5 2 
49 42 7 6 7 0 4 2 3 1 5 
49 42 7 7 0 1 5 6 4 3 2 
49 41 8 7 0 4 2 6 3 5 1 
49 44 5 7 0 5 1 3 4 6 2 
49 42 7 7 1 6 4 0 3 5 2 
49 44 5 7 3 0 1 2 4 5 6 
49 42 7 7 3 4 0 1 2 5 6 
49 44 5 7 3 4 0 2 5 6 1 
49 42 7 7 3 4 0 6 2 1 5 
49 42 7 7 3 4 5 0 2 1 6 
49 42 7 7 3 4 6 1 2 0 5 
49 43 6 7 3 5 6 4 0 1 2 
49 41 8 7 4 0 2 1 3 5 6 
49 42 7 7 4 0 6 5 2 1 3 
49 41 8 7 4 1 0 6 3 2 5 
49 42 7 7 4 1 2 3 0 6 5 
49 42 7 7 4 1 5 0 6 3 2 
49 42 7 7 4 1 5 3 6 0 2 
49 41 8 7 4 2 0 6 3 5 1 
49 43 6 7 4 5 1 6 2 3 0 
49 41 8 7 6 0 2 4 3 5 1 
50 42 8 0 4 1 3 6 2 5 7 
50 44 6 0 4 5 2 7 3 6 1 
50 43 7 0 4 5 6 1 2 3 7 
50 44 6 0 4 5 7 6 2 3 1 
50 44 6 0 4 5 7 6 3 1 2 
50 42 8 0 6 1 2 4 3 5 7 
50 43 7 0 7 5 6 4 2 3 1 
50 43 7 0 7 5 6 4 3 1 2 
50 44 6 0 7 6 5 2 4 3 1 
50 44 6 1 0 6 4 2 3 5 7 
50 46 4 1 0 6 7 2 4 3 5 
50 44 6 1 0 7 6 2 3 5 4 
50 44 6 1 4 0 6 2 3 5 7 
50 45 5 1 4 5 0 7 3 6 2 
50 45 5 1 4 5 2 0 3 6 7 
50 45 5 1 4 5 6 2 3 0 7 
50 45 5 1 4 7 0 2 3 6 5 
50 45 5 1 7 0 6 2 4 3 5 
50 44 6 1 7 4 5 2 3 0 6 
50 44 6 1 7 6 0 2 3 5 4 
50 43 7 2 0 5 6 4 3 1 7 
50 43 7 2 0 6 7 4 3 1 5 
50 42 8 2 4 0 5 6 3 1 7 
50 42 8 2 4 1 5 6 0 3 7 
50 43 7 2 4 5 0 6 3 1 7 
50 44 6 2 4 5 1 3 0 6 7 
50 45 5 2 4 5 1 7 3 6 0 
50 43 7 2 4 6 7 1 3 0 5 
50 43 7 2 4 6 7 3 5 0 1 
50 42 8 2 7 1 6 0 3 5 4 
50 42 8 2 7 4 1 3 0 5 6 
50 42 8 2 7 4 6 3 0 1 5 
50 45 5 2 7 5 6 1 4 3 0 
50 42 8 3 0 1 6 4 7 5 2 
50 43 7 3 0 4 1 2 7 5 6 
50 43 7 3 0 4 6 2 7 1 5 
50 46 4 3 1 5 0 2 4 6 7 
50 44 6 3 1 6 5 2 4 0 7 
50 45 5 3 1 7 6 2 4 5 0 
50 42 8 3 4 1 0 6 7 5 2 
50 42 8 3 4 1 2 6 0 5 7 
50 43 7 3 4 1 5 0 2 6 7 
50 43 7 3 4 1 5 2 6 0 7 
50 43 7 3 4 5 6 7 0 1 2 
50 45 5 3 4 6 7 2 5 1 0 
50 42 8 3 7 1 2 4 0 5 6 
50 42 8 3 7 1 6 4 5 0 2 
50 43 7 3 7 4 1 2 5 0 6 
50 43 7 3 7 4 6 2 1 0 5 
50 44 6 4 0 5 1 7 3 6 2 
50 43 7 4 2 1 7 0 3 5 6 
50 44 6 4 3 1 7 6 2 0 5 
50 44 6 4 3 6 1 2 0 5 7 
50 42 8 4 7 1 0 6 3 5 2 
50 43 7 4 7 1 5 2 0 3 6 
50 43 7 5 4 1 0 7 3 6 2 
50 42 8 6 1 0 2 4 3 5 7 
50 43 7 6 3 1 0 4 2 5 7 
50 43 7 6 3 4 0 7 2 5 1 
50 43 7 6 3 4 1 0 2 5 7 
50 42 8 6 4 0 2 7 3 5 1 
50 44 6 6 7 0 5 2 4 3 1 
50 43 7 6 7 1 4 0 3 5 2 
50 43 7 6 7 4 1 2 3 0 5 
50 44 6 6 7 5 4 2 3 0 1 
50 42 8 7 0 4 1 3 2 5 6 
50 42 8 7 0 4 5 6 3 1 2 
50 42 8 7 0 4 6 3 2 1 5 
50 44 6 7 1 3 0 2 4 5 6 
50 43 7 7 1 5 6 3 0 4 2 
50 44 6 7 1 6 2 3 4 5 0 
50 44 6 7 1 6 5 2 4 0 3 
50 42 8 7 1 6 5 4 3 0 2 
50 43 7 7 2 5 6 4 0 3 1 
50 45 5 7 3 0 6 2 4 5 1 
50 44 6 7 3 1 5 4 0 6 2 
50 44 6 7 3 1 6 4 2 5 0 
50 44 6 7 3 4 1 6 2 5 0 
50 44 6 7 4 1 2 5 3 6 0 
50 42 8 7 4 1 5 0 3 2 6 
50 44 6 7 4 3 6 5 2 0 1 
50 44 6 7 4 5 2 3 0 6 1 
50 42 8 7 4 6 1 0 2 3 5 
50 44 6 7 5 1 0 2 4 3 6 
50 44 6 7 5 3 1 2 4 0 6 
50 45 5 7 5 3 6 2 4 1 0 
50 45 5 7 5 6 1 2 4 3 0 
50 44 6 7 6 0 5 2 4 3 1 
51 48 3 0 1 5 7 2 4 6 3 
51 45 6 0 1 6 7 3 4 5 2 
51 44 7 0 3 1 6 7 2 5 4 
51 46 5 0 3 4 1 2 5 6 7 
51 44 7 0 3 4 6 1 2 5 7 
51 45 6 0 3 4 6 2 5 1 7 
51 45 6 0 3 4 6 2 7 5 1 
51 45 6 0 3 4 7 6 2 5 1 
51 43 8 0 4 1 5 6 3 2 7 
51 45 6 0 4 1 7 5 3 6 2 
51 44 7 0 4 1 7 6 2 5 3 
51 44 7 0 4 5 2 7 3 1 6 
51 44 7 0 4 6 7 3 2 5 1 
51 44 7 0 4 7 6 2 3 5 1 
51 46 5 0 5 6 7 2 4 3 1 
51 45 6 0 6 1 5 2 4 3 7 
51 46 5 0 6 1 7 2 4 3 5 
51 44 7 0 7 1 5 4 3 6 2 
51 48 3 1 0 5 7 2 3 6 4 
51 49 2 1 3 6 7 2 4 5 0 
51 47 4 1 4 5 7 0 3 6 2 
51 47 4 1 4 5 7 2 0 3 6 
51 45 6 1 6 4 0 2 3 5 7 
51 44 7 1 7 4 2 0 3 5 6 
51 44 7 1 7 4 6 3 0 5 2 
51 44 7 2 0 1 5 4 3 6 7 
51 45 6 2 1 5 6 3 4 0 7 
51 44 7 2 1 6 4 0 3 5 7 
51 45 6 2 1 6 7 0 4 3 5 
51 43 8 2 1 7 0 4 3 5 6 
51 45 6 2 3 1 0 7 4 5 6 
51 45 6 2 3 6 7 4 0 5 1 
51 44 7 2 4 1 0 5 3 6 7 
51 43 8 2 7 0 6 4 3 5 1 
51 43 8 2 7 4 5 0 3 1 6 
51 44 7 2 7 5 6 4 0 3 1 
51 47 4 3 0 1 7 2 4 6 5 
51 48 3 3 0 5 7 2 4 6 1 
51 44 7 3 1 0 7 4 2 5 6 
51 46 5 3 1 5 0 2 4 7 6 
51 47 4 3 1 5 7 0 4 6 2 
51 44 7 3 1 6 2 0 4 5 7 
51 44 7 3 2 1 7 4 0 5 6 
51 45 6 3 4 0 1 2 5 6 7 
51 44 7 3 4 0 1 2 5 7 6 
51 44 7 3 4 0 7 6 2 5 1 
51 43 8 3 4 1 5 6 2 0 7 
51 44 7 3 4 1 5 7 0 6 2 
51 45 6 3 4 1 6 5 0 7 2 
51 45 6 3 4 5 1 0 2 6 7 
51 45 6 3 4 5 1 2 6 0 7 
51 45 6 3 4 6 7 1 2 5 0 
51 43 8 3 7 4 1 0 2 5 6 
51 43 8 3 7 4 6 0 2 1 5 
51 45 6 3 7 4 6 2 5 1 0 
51 44 7 4 0 1 6 5 2 3 7 
51 46 5 4 0 1 7 2 5 6 3 
51 45 6 4 1 6 5 2 3 7 0 
51 44 7 4 2 1 6 7 0 3 5 
51 46 5 4 3 0 1 2 5 6 7 
51 44 7 4 3 0 1 6 2 5 7 
51 44 7 4 3 0 6 7 2 5 1 
51 46 5 4 3 1 6 2 7 5 0 
51 45 6 4 3 1 6 7 5 2 0 
51 46 5 4 3 5 6 2 1 0 7 
51 47 4 4 3 5 7 2 0 1 6 
51 46 5 4 3 6 7 2 1 0 5 
51 47 4 4 3 6 7 2 5 1 0 
51 46 5 4 5 0 7 2 3 6 1 
51 44 7 4 6 0 1 2 3 5 7 
51 47 4 4 6 5 7 2 3 1 0 
51 45 6 4 7 5 1 2 0 3 6 
51 47 4 5 1 6 7 2 4 3 0 
51 44 7 5 4 1 2 0 3 6 7 
51 44 7 5 4 1 6 2 3 0 7 
51 44 7 5 7 0 6 2 3 1 4 
51 44 7 5 7 4 0 2 3 1 6 
51 43 8 5 7 4 6 0 3 1 2 
51 47 4 6 0 5 7 2 4 3 1 
51 44 7 6 0 7 4 2 3 5 1 
51 45 6 6 1 0 5 2 4 3 7 
51 46 5 6 1 0 7 2 4 3 5 
51 47 4 6 3 0 7 2 4 5 1 
51 46 5 6 3 1 7 0 4 5 2 
51 46 5 6 3 1 7 4 2 5 0 
51 47 4 6 3 5 1 2 4 0 7 
51 45 6 6 7 1 2 3 4 5 0 
51 43 8 6 7 1 5 4 3 0 2 
51 46 5 6 7 5 3 2 4 0 1 
51 44 7 7 0 1 2 4 3 6 5 
51 44 7 7 0 4 6 5 2 3 1 
51 44 7 7 1 0 5 4 3 6 2 
51 45 6 7 1 5 2 3 4 0 6 
51 47 4 7 1 5 6 2 4 3 0 
51 46 5 7 3 0 1 2 5 6 4 
51 44 7 7 3 0 4 6 2 5 1 
51 44 7 7 3 0 6 1 2 5 4 
51 46 5 7 3 1 5 2 4 0 6 
51 45 6 7 3 4 0 2 1 5 6 
51 45 6 7 3 4 1 0 5 6 2 
51 46 5 7 3 5 1 4 0 6 2 
51 44 7 7 4 0 1 5 3 6 2 
51 43 8 7 4 0 5 6 3 2 1 
51 43 8 7 4 0 6 1 2 3 5 
51 44 7 7 4 5 1 3 6 0 2 
51 46 5 7 4 5 2 1 3 6 0 
51 44 7 7 4 5 2 3 0 1 6 
51 44 7 7 4 6 2 5 3 0 1 
51 43 8 7 5 0 6 4 2 3 1 
51 43 8 7 5 0 6 4 3 1 2 
52 46 6 0 1 3 6 2 4 5 7 
52 48 4 0 1 5 7 2 4 3 6 
52 46 6 0 1 6 5 2 4 3 7 
52 46 6 0 1 7 3 2 4 5 6 
52 45 7 0 2 6 7 4 3 5 1 
52 47 5 0 3 1 4 2 5 6 7 
52 45 7 0 3 1 4 6 2 5 7 
52 47 5 0 3 1 7 4 5 6 2 
52 46 6 0 3 1 7 6 2 5 4 
52 47 5 0 3 4 7 2 5 1 6 
52 48 4 0 3 5 6 2 4 1 7 
52 48 4 0 3 6 7 2 4 1 5 
52 46 6 0 4 1 3 2 5 6 7 
52 45 7 0 4 1 3 2 5 7 6 
52 45 7 0 4 1 6 3 5 7 2 
52 47 5 0 4 5 7 1 3 6 2 
52 46 6 0 7 5 1 4 3 6 2 
52 48 4 1 3 4 7 2 0 5 6 
52 46 6 1 4 6 7 0 2 3 5 
52 46 6 2 0 5 1 4 3 6 7 
52 46 6 2 0 5 6 7 4 3 1 
52 47 5 2 1 5 7 3 4 0 6 
52 45 7 2 1 6 0 3 4 5 7 
52 47 5 2 3 1 6 7 4 5 0 
52 47 5 2 3 1 7 0 5 6 4 
52 47 5 2 3 6 7 0 4 5 1 
52 45 7 2 4 0 7 1 3 5 6 
52 45 7 2 4 1 0 3 5 7 6 
52 46 6 2 4 1 7 3 0 6 5 
52 47 5 2 4 1 7 5 3 6 0 
52 46 6 2 4 5 0 1 3 6 7 
52 48 4 2 4 5 7 1 3 6 0 
52 47 5 2 4 5 7 3 0 6 1 
52 45 7 2 6 0 7 4 3 5 1 
52 44 8 2 6 4 1 0 3 5 7 
52 45 7 2 7 1 0 3 4 5 6 
52 45 7 2 7 1 6 3 4 0 5 
52 44 8 2 7 4 0 6 3 1 5 
52 46 6 2 7 5 0 6 4 3 1 
52 47 5 3 0 1 7 2 5 6 4 
52 46 6 3 0 6 1 2 4 5 7 
52 48 4 3 1 0 7 2 4 6 5 
52 47 5 3 1 6 7 2 4 0 5 
52 46 6 3 4 1 7 5 0 6 2 
52 46 6 3 4 5 1 7 0 6 2 
52 45 7 3 5 4 6 2 0 1 7 
52 48 4 3 6 5 7 2 4 0 1 
52 45 7 3 7 0 6 2 5 4 1 
52 45 7 3 7 4 5 2 0 1 6 
52 47 5 4 0 3 7 2 5 6 1 
52 46 6 4 0 5 6 2 7 3 1 
52 44 8 4 1 0 6 7 2 3 5 
52 46 6 4 1 5 6 7 3 2 0 
52 45 7 4 1 6 5 2 0 3 7 
52 46 6 4 3 0 1 2 5 7 6 
52 45 7 4 3 0 6 7 5 1 2 
52 46 6 4 3 0 7 6 2 5 1 
52 46 6 4 3 1 7 0 6 5 2 
52 47 5 4 3 1 7 5 0 6 2 
52 46 6 4 3 1 7 6 5 0 2 
52 46 6 4 3 5 6 0 2 1 7 
52 46 6 4 3 6 7 0 2 1 5 
52 47 5 4 3 7 0 2 5 6 1 
52 47 5 4 6 5 7 2 0 3 1 
52 46 6 4 7 5 6 2 3 0 1 
52 46 6 5 7 0 6 2 4 1 3 
52 46 6 6 0 7 1 2 4 3 5 
52 46 6 6 3 4 5 2 0 1 7 
52 47 5 6 3 4 7 2 0 1 5 
52 45 7 6 4 0 1 2 3 7 5 
52 45 7 6 7 0 1 2 3 5 4 
52 45 7 6 7 0 1 3 4 5 2 
52 46 6 6 7 3 1 2 4 0 5 
52 44 8 6 7 4 2 0 3 1 5 
52 46 6 6 7 4 5 2 3 1 0 
52 46 6 6 7 5 2 0 4 3 1 
52 46 6 7 0 5 2 4 3 6 1 
52 45 7 7 0 6 1 3 4 5 2 
52 45 7 7 0 6 2 3 4 1 5 
52 47 5 7 1 0 3 2 4 6 5 
52 46 6 7 1 0 6 2 4 5 3 
52 45 7 7 1 2 0 3 4 5 6 
52 48 4 7 1 3 5 2 4 6 0 
52 45 7 7 1 3 6 0 4 5 2 
52 47 5 7 1 6 3 2 4 5 0 
52 45 7 7 1 6 5 0 4 3 2 
52 45 7 7 2 1 6 0 4 3 5 
52 45 7 7 2 4 6 3 0 5 1 
52 46 6 7 3 0 1 6 4 5 2 
52 46 6 7 3 0 4 2 5 1 6 
52 46 6 7 3 1 0 2 5 4 6 
52 45 7 7 3 1 0 4 5 2 6 
52 47 5 7 3 1 2 4 5 6 0 
52 47 5 7 3 1 2 6 4 5 0 
52 46 6 7 3 6 0 2 1 4 5 
52 47 5 7 3 6 1 2 5 4 0 
52 45 7 7 4 1 0 3 5 6 2 
52 45 7 7 4 5 3 6 2 0 1 
52 46 6 7 6 4 1 2 3 5 0 
53 48 5 0 1 5 4 2 3 6 7 
53 48 5 0 1 5 6 2 4 7 3 
53 48 5 0 1 5 7 4 3 6 2 
53 47 6 0 3 1 4 2 5 7 6 
53 49 4 0 3 1 5 2 4 6 7 
53 47 6 0 3 4 6 2 1 5 7 
53 50 3 0 3 5 1 2 4 6 7 
53 48 5 0 3 6 7 2 5 4 1 
53 47 6 0 3 6 7 4 2 5 1 
53 46 7 0 4 1 6 2 3 7 5 
53 46 7 0 4 6 2 5 3 1 7 
53 46 7 0 4 6 3 2 5 1 7 
53 46 7 0 6 4 5 2 3 1 7 
53 47 6 0 6 4 7 2 3 1 5 
53 48 5 0 6 5 1 2 4 3 7 
53 46 7 1 0 4 6 7 3 5 2 
53 50 3 1 3 4 7 2 0 6 5 
53 48 5 1 7 0 5 2 4 3 6 
53 48 5 1 7 0 6 2 4 5 3 
53 48 5 1 7 5 6 2 0 4 3 
53 45 8 2 0 4 6 3 7 5 1 
53 48 5 2 1 5 7 0 3 6 4 
53 47 6 2 3 1 6 4 5 7 0 
53 49 4 2 3 1 7 4 5 6 0 
53 46 7 2 4 0 7 6 3 1 5 
53 46 7 2 4 1 6 0 5 7 3 
53 46 7 2 4 1 6 5 0 3 7 
53 46 7 2 4 1 7 6 0 3 5 
53 45 8 2 4 6 1 3 0 5 7 
53 46 7 2 7 1 6 0 4 5 3 
53 45 8 2 7 4 0 1 3 5 6 
53 45 8 2 7 4 6 1 3 0 5 
53 45 8 2 7 4 6 3 5 0 1 
53 46 7 3 0 4 6 2 5 7 1 
53 49 4 3 0 5 7 2 4 1 6 
53 46 7 3 0 6 7 4 2 5 1 
53 47 6 3 1 5 6 0 4 7 2 
53 47 6 3 1 5 6 7 4 0 2 
53 46 7 3 1 6 4 2 0 5 7 
53 47 6 3 1 7 5 2 4 0 6 
53 46 7 3 4 1 2 0 5 7 6 
53 47 6 3 4 1 7 0 2 6 5 
53 47 6 3 4 1 7 2 6 0 5 
53 48 5 3 4 5 7 0 2 6 1 
53 48 5 3 4 5 7 2 6 0 1 
53 46 7 3 4 6 0 2 5 7 1 
53 46 7 3 4 7 6 2 5 0 1 
53 47 6 3 5 4 7 2 0 1 6 
53 48 5 3 6 0 7 2 4 1 5 
53 46 7 3 6 4 1 2 0 5 7 
53 45 8 4 0 1 5 7 2 3 6 
53 46 7 4 0 1 6 2 5 7 3 
53 46 7 4 0 1 7 6 2 3 5 
53 45 8 4 0 6 1 7 3 5 2 
53 45 8 4 0 6 2 7 3 1 5 
53 46 7 4 0 6 5 2 3 1 7 
53 47 6 4 1 0 5 2 3 6 7 
53 48 5 4 1 0 7 2 3 6 5 
53 46 7 4 1 5 6 7 0 3 2 
53 48 5 4 1 5 7 3 0 6 2 
53 47 6 4 1 5 7 6 3 0 2 
53 46 7 4 3 1 2 0 7 5 6 
53 46 7 4 3 1 2 7 5 0 6 
53 47 6 4 3 1 5 0 2 6 7 
53 47 6 4 3 1 5 2 6 0 7 
53 46 7 4 3 1 5 6 2 0 7 
53 48 5 4 3 5 1 0 2 6 7 
53 48 5 4 3 5 1 2 6 0 7 
53 48 5 4 3 6 7 1 2 5 0 
53 47 6 4 5 0 7 2 3 1 6 
53 47 6 4 6 1 7 2 3 0 5 
53 49 4 5 3 1 7 2 0 6 4 
53 48 5 5 4 0 7 2 3 6 1 
53 45 8 5 4 1 0 7 2 3 6 
53 45 8 5 4 1 6 7 2 0 3 
53 48 5 5 4 1 7 2 0 6 3 
53 46 7 5 7 1 6 2 0 4 3 
53 47 6 6 0 1 7 3 4 5 2 
53 47 6 6 0 3 1 2 4 5 7 
53 46 7 6 2 1 0 3 4 5 7 
53 47 6 6 3 1 0 7 4 5 2 
53 49 4 6 3 1 5 2 4 7 0 
53 48 5 6 3 4 7 2 5 0 1 
53 45 8 6 4 0 1 7 2 3 5 
53 46 7 6 4 1 5 3 0 7 2 
53 46 7 6 4 1 7 0 2 3 5 
53 47 6 6 4 5 1 7 3 2 0 
53 45 8 6 4 7 2 0 3 5 1 
53 46 7 6 7 0 5 2 3 4 1 
53 48 5 6 7 1 3 2 4 5 0 
53 46 7 6 7 4 5 2 0 3 1 
53 46 7 7 0 3 1 2 5 4 6 
53 46 7 7 0 3 6 2 1 4 5 
53 46 7 7 0 3 6 4 5 1 2 
53 47 6 7 0 5 1 6 4 3 2 
53 46 7 7 0 5 2 4 3 1 6 
53 46 7 7 1 3 6 0 2 4 5 
53 46 7 7 1 3 6 4 2 0 5 
53 46 7 7 1 5 0 4 3 2 6 
53 48 5 7 1 5 2 4 3 6 0 
53 47 6 7 1 5 6 0 4 3 2 
53 46 7 7 1 6 3 0 4 5 2 
53 46 7 7 1 6 5 3 4 0 2 
53 47 6 7 2 1 6 3 4 5 0 
53 47 6 7 3 0 6 2 1 5 4 
53 46 7 7 3 1 6 0 5 2 4 
53 48 5 7 3 4 1 2 0 6 5 
53 49 4 7 3 4 5 2 1 6 0 
53 46 7 7 3 4 5 6 2 0 1 
53 46 7 7 3 4 6 0 1 5 2 
53 46 7 7 3 6 0 4 5 1 2 
53 46 7 7 4 0 1 5 2 3 6 
53 46 7 7 4 0 2 5 3 1 6 
53 46 7 7 4 0 5 1 3 6 2 
53 47 6 7 4 1 0 2 5 6 3 
53 46 7 7 4 1 2 0 5 6 3 
53 45 8 7 4 1 5 6 2 0 3 
53 46 7 7 4 1 6 5 3 0 2 
53 46 7 7 4 3 1 6 2 0 5 
53 45 8 7 4 6 2 3 1 0 5 
53 46 7 7 5 0 1 4 3 6 2 
53 47 6 7 5 6 3 2 4 0 1 
54 48 6 0 1 4 7 2 3 5 6 
54 48 6 0 1 5 4 2 3 7 6 
54 49 5 0 1 6 7 2 4 5 3 
54 47 7 0 3 1 6 4 5 2 7 
54 52 2 0 3 5 7 2 4 6 1 
54 48 6 0 3 6 4 2 5 1 7 
54 47 7 0 4 1 2 3 5 6 7 
54 47 7 0 4 1 7 3 5 2 6 
54 47 7 0 4 1 7 5 2 3 6 
54 48 6 0 4 5 6 2 1 3 7 
54 49 5 0 4 5 7 2 1 3 6 
54 46 8 0 4 6 5 7 2 3 1 
54 46 8 0 4 6 5 7 3 1 2 
54 48 6 0 7 4 1 2 3 6 5 
54 46 8 0 7 4 6 3 2 5 1 
54 48 6 0 7 5 6 3 4 1 2 
54 47 7 0 7 6 2 3 4 5 1 
54 49 5 1 0 4 5 2 3 6 7 
54 49 5 1 0 5 6 2 3 7 4 
54 52 2 1 0 5 7 2 4 6 3 
54 52 2 1 3 5 7 2 0 6 4 
54 49 5 1 4 7 6 2 3 5 0 
54 50 4 1 7 5 3 2 4 0 6 
54 49 5 1 7 5 4 2 3 0 6 
54 50 4 1 7 5 6 2 3 4 0 
54 47 7 2 0 1 6 7 4 3 5 
54 48 6 2 0 1 7 4 3 6 5 
54 49 5 2 0 5 7 4 3 6 1 
54 48 6 2 1 5 6 4 3 7 0 
54 50 4 2 1 5 7 4 3 6 0 
54 47 7 2 1 7 0 3 4 5 6 
54 47 7 2 3 0 6 4 5 1 7 
54 49 5 2 3 1 7 6 4 0 5 
54 47 7 2 4 0 6 3 5 7 1 
54 47 7 2 4 1 0 3 5 6 7 
54 48 6 2 4 1 7 0 5 6 3 
54 48 6 2 4 5 1 6 3 7 0 
54 48 6 2 4 5 7 3 0 1 6 
54 48 6 2 4 5 7 6 3 0 1 
54 46 8 2 4 6 5 0 3 1 7 
54 47 7 2 7 0 4 6 3 5 1 
54 47 7 2 7 0 6 3 4 5 1 
54 47 7 2 7 1 6 5 4 0 3 
54 47 7 3 0 1 6 4 5 7 2 
54 49 5 3 0 4 7 2 5 6 1 
54 48 6 3 0 5 6 2 1 4 7 
54 49 5 3 0 5 7 2 1 4 6 
54 48 6 3 1 0 6 2 4 7 5 
54 48 6 3 1 0 7 6 4 5 2 
54 50 4 3 1 5 7 2 0 6 4 
54 47 7 3 1 6 0 7 4 5 2 
54 47 7 3 1 7 2 0 4 5 6 
54 49 5 3 4 0 7 2 1 6 5 
54 47 7 3 4 1 0 6 5 7 2 
54 47 7 3 4 1 2 0 5 6 7 
54 49 5 3 4 5 6 2 1 7 0 
54 49 5 3 4 5 7 2 1 0 6 
54 46 8 3 4 6 1 0 2 5 7 
54 49 5 3 4 6 7 2 1 5 0 
54 48 6 3 4 7 6 2 5 1 0 
54 48 6 3 5 0 6 2 4 1 7 
54 48 6 3 6 7 0 2 4 5 1 
54 47 7 3 7 4 6 1 2 5 0 
54 47 7 4 0 1 5 2 3 7 6 
54 48 6 4 0 3 6 2 5 7 1 
54 47 7 4 0 5 1 7 2 3 6 
54 47 7 4 1 5 2 7 3 0 6 
54 46 8 4 1 6 2 3 0 5 7 
54 47 7 4 1 6 2 7 3 5 0 
54 48 6 4 1 6 7 2 0 3 5 
54 49 5 4 1 7 5 2 3 6 0 
54 48 6 4 2 1 6 7 3 5 0 
54 47 7 4 3 1 0 6 7 5 2 
54 48 6 4 3 1 2 0 5 6 7 
54 48 6 4 3 1 6 5 0 7 2 
54 50 4 4 3 5 7 0 2 6 1 
54 50 4 4 3 5 7 2 6 0 1 
54 48 6 4 3 6 0 2 5 7 1 
54 48 6 4 3 7 6 2 5 0 1 
54 49 5 4 3 7 6 2 5 1 0 
54 47 7 4 6 7 0 2 3 1 5 
54 46 8 4 7 1 6 0 2 3 5 
54 48 6 5 0 7 6 2 4 3 1 
54 46 8 5 4 1 6 0 2 3 7 
54 48 6 5 4 1 7 6 2 3 0 
54 47 7 5 4 6 0 2 3 1 7 
54 47 7 5 4 6 2 7 3 1 0 
54 48 6 5 4 6 7 2 0 3 1 
54 48 6 5 7 3 6 2 4 0 1 
54 47 7 6 0 4 5 2 3 7 1 
54 49 5 6 2 1 7 3 4 5 0 
54 48 6 6 2 1 7 4 3 5 0 
54 49 5 6 3 0 5 2 4 1 7 
54 50 4 6 3 0 7 2 4 1 5 
54 47 7 6 4 1 0 2 5 7 3 
54 48 6 6 4 1 0 5 3 7 2 
54 47 7 6 4 1 2 0 3 7 5 
54 47 7 6 4 1 7 3 5 0 2 
54 47 7 6 4 5 1 7 0 3 2 
54 47 7 6 4 5 2 0 3 1 7 
54 47 7 6 4 7 5 2 3 0 1 
54 48 6 6 4 7 5 2 3 1 0 
54 48 6 6 5 0 1 2 4 3 7 
54 48 6 6 7 0 3 2 4 1 5 
54 47 7 6 7 1 3 0 4 5 2 
54 47 7 6 7 1 5 3 4 0 2 
54 49 5 6 7 5 1 2 4 0 3 
54 46 8 7 0 4 1 6 2 3 5 
54 47 7 7 0 5 6 4 1 3 2 
54 49 5 7 1 5 0 2 3 6 4 
54 49 5 7 1 5 3 2 4 0 6 
54 47 7 7 1 5 6 0 3 2 4 
54 46 8 7 1 6 0 4 2 3 5 
54 47 7 7 1 6 3 2 0 4 5 
54 47 7 7 2 1 5 4 0 3 6 
54 47 7 7 3 0 2 4 5 1 6 
54 49 5 7 3 0 6 2 4 1 5 
54 47 7 7 3 0 6 4 5 2 1 
54 48 6 7 3 1 5 6 4 0 2 
54 48 6 7 3 1 6 2 5 0 4 
54 50 4 7 3 5 1 2 4 0 6 
54 48 6 7 3 6 0 2 5 1 4 
54 47 7 7 3 6 1 4 0 5 2 
54 47 7 7 3 6 2 4 0 1 5 
54 46 8 7 4 0 1 3 5 2 6 
54 47 7 7 4 1 6 5 0 2 3 
54 47 7 7 4 5 1 0 3 2 6 
54 47 7 7 4 5 1 0 6 3 2 
54 47 7 7 4 6 5 1 2 3 0 
54 46 8 7 4 6 5 3 0 1 2 
54 47 7 7 5 6 2 0 4 3 1 
54 47 7 7 6 0 2 3 4 5 1 
55 50 5 0 1 4 7 2 3 6 5 
55 48 7 0 1 5 6 4 3 2 7 
55 48 7 0 1 6 2 7 4 3 5 
55 48 7 0 3 1 6 4 5 7 2 
55 52 3 0 3 1 7 2 4 6 5 
55 48 7 0 3 4 6 7 5 1 2 
55 51 4 0 3 4 7 2 5 6 1 
55 47 8 0 4 1 5 6 2 3 7 
55 48 7 0 4 3 6 2 5 1 7 
55 49 6 0 4 3 7 2 5 1 6 
55 48 7 0 4 5 1 6 3 2 7 
55 49 6 0 4 5 6 2 3 7 1 
55 48 7 0 4 6 7 3 5 1 2 
55 48 7 0 6 1 2 3 4 5 7 
55 49 6 0 7 1 5 3 4 6 2 
55 47 8 0 7 1 5 4 2 3 6 
55 48 7 0 7 1 6 5 4 3 2 
55 48 7 0 7 3 6 2 5 4 1 
55 47 8 0 7 4 6 1 3 5 2 
55 47 8 0 7 4 6 3 5 1 2 
55 50 5 0 7 5 1 3 4 6 2 
55 49 6 0 7 6 1 2 4 3 5 
55 47 8 0 7 6 1 4 3 5 2 
55 47 8 0 7 6 2 4 3 1 5 
55 49 6 1 0 4 6 2 7 3 5 
55 50 5 1 0 6 3 2 4 5 7 
55 50 5 1 0 6 7 2 3 5 4 
55 49 6 1 0 6 7 4 3 5 2 
55 49 6 1 0 7 4 2 3 5 6 
55 49 6 1 0 7 6 2 3 4 5 
55 52 3 1 3 6 7 2 4 0 5 
55 49 6 1 4 5 0 7 2 3 6 
55 51 4 1 4 5 6 2 3 7 0 
55 49 6 1 4 5 6 7 2 0 3 
55 48 7 1 4 6 0 7 3 5 2 
55 48 7 1 4 6 2 7 3 0 5 
55 49 6 1 4 6 5 2 3 0 7 
55 49 6 1 4 6 7 3 5 0 2 
55 51 4 1 4 7 5 2 3 6 0 
55 51 4 1 6 0 7 2 4 3 5 
55 51 4 1 7 4 5 2 3 6 0 
55 50 5 1 7 5 2 0 4 3 6 
55 50 5 1 7 5 6 2 0 3 4 
55 49 6 1 7 6 0 2 3 4 5 
55 47 8 2 0 4 1 7 3 5 6 
55 47 8 2 0 4 6 3 5 1 7 
55 47 8 2 0 4 6 7 3 1 5 
55 48 7 2 0 4 7 6 3 5 1 
55 49 6 2 0 5 6 3 4 1 7 
55 47 8 2 0 6 1 4 3 5 7 
55 49 6 2 0 6 7 3 4 1 5 
55 48 7 2 1 5 6 4 0 3 7 
55 49 6 2 1 6 7 4 3 5 0 
55 49 6 2 3 0 7 4 5 1 6 
55 49 6 2 3 1 0 6 4 5 7 
55 48 7 2 3 1 6 0 5 7 4 
55 47 8 2 4 1 6 0 7 3 5 
55 48 7 2 4 5 1 6 0 3 7 
55 47 8 2 4 6 0 3 5 1 7 
55 47 8 2 4 6 0 7 3 1 5 
55 47 8 2 7 0 6 1 3 5 4 
55 48 7 3 0 1 6 2 5 7 4 
55 48 7 3 1 0 2 7 4 5 6 
55 48 7 3 1 5 6 0 2 4 7 
55 49 6 3 1 5 7 0 2 4 6 
55 48 7 3 4 1 0 7 5 6 2 
55 49 6 3 4 1 2 7 5 6 0 
55 48 7 3 4 1 6 2 7 0 5 
55 49 6 3 4 1 7 6 5 2 0 
55 49 6 3 4 5 7 0 2 1 6 
55 47 8 3 4 6 1 7 0 5 2 
55 47 8 3 4 6 2 0 5 1 7 
55 47 8 3 4 6 2 7 0 1 5 
55 48 7 3 4 6 5 2 0 1 7 
55 49 6 3 4 7 0 2 5 6 1 
55 50 5 3 5 0 1 2 4 6 7 
55 49 6 4 0 1 7 3 5 6 2 
55 47 8 4 1 2 0 7 3 5 6 
55 49 6 4 1 5 2 0 3 6 7 
55 47 8 4 1 7 0 6 3 5 2 
55 47 8 4 1 7 6 0 3 5 2 
55 48 7 4 2 1 6 3 0 5 7 
55 49 6 4 3 1 0 7 5 6 2 
55 48 7 4 3 1 2 0 5 7 6 
55 50 5 4 3 1 7 0 2 6 5 
55 50 5 4 3 1 7 2 6 0 5 
55 49 6 4 3 5 6 7 0 1 2 
55 48 7 4 3 6 2 7 0 5 1 
55 48 7 4 5 0 6 2 1 3 7 
55 49 6 4 5 0 7 2 1 3 6 
55 48 7 4 5 1 6 2 3 0 7 
55 48 7 4 5 3 6 2 0 1 7 
55 49 6 4 5 3 7 2 0 1 6 
55 48 7 4 5 6 0 2 3 1 7 
55 49 6 4 6 7 1 2 3 5 0 
55 49 6 5 0 4 1 2 3 6 7 
55 47 8 5 4 0 6 7 2 3 1 
55 48 7 5 4 1 0 2 3 7 6 
55 48 7 5 4 1 6 2 0 7 3 
55 49 6 5 7 0 1 2 4 3 6 
55 48 7 5 7 1 6 4 2 3 0 
55 48 7 6 0 1 5 4 3 7 2 
55 48 7 6 1 0 2 3 4 5 7 
55 48 7 6 2 0 1 4 3 5 7 
55 49 6 6 3 1 0 2 5 7 4 
55 49 6 6 3 1 5 2 0 4 7 
55 50 5 6 3 1 7 2 0 4 5 
55 50 5 6 3 4 1 2 5 7 0 
55 48 7 6 3 4 1 7 0 5 2 
55 52 3 6 3 5 1 2 4 7 0 
55 52 3 6 3 5 7 2 4 0 1 
55 49 6 6 4 1 2 3 5 7 0 
55 47 8 6 4 1 3 7 2 0 5 
55 48 7 6 4 1 5 7 2 3 0 
55 49 6 6 4 1 7 3 2 5 0 
55 47 8 6 7 1 0 4 2 3 5 
55 48 7 6 7 1 3 2 0 4 5 
55 49 6 6 7 1 5 2 4 0 3 
55 48 7 6 7 4 2 1 3 5 0 
55 47 8 6 7 4 2 3 0 5 1 
55 48 7 7 0 1 2 6 4 3 5 
55 48 7 7 0 3 6 2 5 1 4 
55 47 8 7 0 4 2 3 5 1 6 
55 47 8 7 1 0 5 4 2 3 6 
55 48 7 7 1 3 5 2 0 4 6 
55 49 6 7 1 5 0 3 4 2 6 
55 49 6 7 1 5 2 0 4 3 6 
55 48 7 7 1 5 2 4 0 3 6 
55 49 6 7 1 6 2 5 4 3 0 
55 48 7 7 2 1 0 4 3 5 6 
55 48 7 7 2 1 6 4 3 0 5 
55 50 5 7 3 0 4 2 5 6 1 
55 49 6 7 3 0 5 2 1 4 6 
55 52 3 7 3 1 5 2 4 6 0 
55 49 6 7 3 1 6 2 0 4 5 
55 48 7 7 3 4 1 0 6 5 2 
55 48 7 7 3 4 1 6 5 0 2 
55 48 7 7 3 4 2 0 5 1 6 
55 49 6 7 3 4 5 0 2 6 1 
55 49 6 7 3 4 5 2 6 0 1 
55 48 7 7 3 4 6 5 0 1 2 
55 48 7 7 3 4 6 5 2 0 1 
55 50 5 7 3 5 6 0 4 1 2 
55 51 4 7 3 5 6 2 4 0 1 
55 49 6 7 3 6 2 0 4 5 1 
55 49 6 7 3 6 4 2 5 0 1 
55 48 7 7 4 0 2 3 5 6 1 
55 47 8 7 4 0 5 6 2 3 1 
55 48 7 7 4 1 2 0 6 3 5 
55 48 7 7 4 1 3 5 2 0 6 
55 47 8 7 4 2 0 3 5 1 6 
55 49 6 7 4 5 2 6 3 1 0 
55 48 7 7 4 5 6 1 3 0 2 
55 49 6 7 4 5 6 3 1 2 0 
55 48 7 7 4 6 0 5 2 3 1 
55 48 7 7 4 6 0 5 3 1 2 
55 48 7 7 4 6 2 3 5 1 0 
55 48 7 7 5 0 6 3 4 1 2 
55 51 4 7 5 3 1 2 4 6 0 
55 48 7 7 5 3 6 2 0 4 1 
55 47 8 7 5 4 6 3 0 1 2 
55 49 6 7 6 0 1 2 4 3 5 
55 47 8 7 6 0 1 4 3 5 2 
55 47 8 7 6 0 2 4 3 1 5 
56 52 4 0 1 5 3 2 4 6 7 
56 49 7 0 1 5 6 4 2 3 7 
56 49 7 0 1 5 6 4 3 7 2 
56 52 4 0 1 5 7 3 4 6 2 
56 50 6 0 1 5 7 4 2 3 6 
56 49 7 0 2 4 1 6 3 5 7 
56 49 7 0 2 4 6 7 3 5 1 
56 50 6 0 2 6 7 3 4 5 1 
56 50 6 0 3 7 4 2 5 1 6 
56 49 7 0 4 1 6 2 7 3 5 
56 49 7 0 4 1 7 3 6 5 2 
56 50 6 0 4 5 7 1 2 3 6 
56 49 7 0 4 6 7 1 3 5 2 
56 49 7 0 4 7 3 2 5 1 6 
56 49 7 0 4 7 6 2 3 1 5 
56 49 7 0 6 1 7 4 3 5 2 
56 48 8 0 6 4 1 7 3 5 2 
56 52 4 0 6 5 7 2 4 3 1 
56 49 7 0 7 1 2 6 4 3 5 
56 49 7 0 7 5 1 4 2 3 6 
56 53 3 1 0 5 7 2 4 3 6 
56 51 5 1 0 7 6 2 4 3 5 
56 50 6 1 3 4 0 7 2 5 6 
56 50 6 1 3 4 6 7 2 0 5 
56 52 4 1 3 6 0 2 4 5 7 
56 51 5 1 3 6 4 2 0 5 7 
56 51 5 1 3 7 6 2 0 5 4 
56 51 5 1 4 5 0 2 3 7 6 
56 51 5 1 4 5 2 3 0 6 7 
56 52 4 1 4 5 2 7 3 6 0 
56 51 5 1 4 5 6 2 0 3 7 
56 52 4 1 4 5 7 3 0 6 2 
56 52 4 1 5 0 7 2 3 6 4 
56 52 4 1 6 4 7 2 3 5 0 
56 51 5 1 7 3 6 2 4 0 5 
56 49 7 1 7 4 6 0 2 3 5 
56 50 6 1 7 5 6 4 0 3 2 
56 51 5 1 7 6 0 2 4 3 5 
56 51 5 1 7 6 4 2 3 5 0 
56 50 6 2 0 1 5 3 4 6 7 
56 48 8 2 0 1 6 4 7 3 5 
56 49 7 2 0 4 7 3 5 1 6 
56 51 5 2 0 5 1 3 4 6 7 
56 50 6 2 0 5 7 4 3 1 6 
56 49 7 2 1 5 6 0 3 7 4 
56 52 4 2 1 5 7 0 4 6 3 
56 53 3 2 1 5 7 3 4 6 0 
56 50 6 2 1 5 7 4 0 3 6 
56 51 5 2 3 0 7 6 4 5 1 
56 49 7 2 3 4 1 6 0 5 7 
56 49 7 2 3 4 6 7 0 5 1 
56 49 7 2 4 1 0 6 3 7 5 
56 49 7 2 4 5 1 7 0 3 6 
56 49 7 2 4 5 6 3 1 0 7 
56 49 7 2 4 6 1 7 3 5 0 
56 49 7 2 4 6 7 3 1 0 5 
56 49 7 2 4 6 7 5 3 0 1 
56 48 8 2 4 7 0 6 3 5 1 
56 50 6 2 6 0 7 3 4 5 1 
56 49 7 2 6 4 7 0 3 5 1 
56 49 7 2 7 0 1 6 4 3 5 
56 49 7 2 7 0 6 5 4 3 1 
56 50 6 2 7 1 5 6 4 3 0 
56 48 8 2 7 1 6 4 3 0 5 
56 51 5 3 1 0 5 2 4 6 7 
56 51 5 3 1 6 5 2 4 7 0 
56 49 7 3 2 1 6 0 4 5 7 
56 49 7 3 2 1 6 4 5 0 7 
56 48 8 3 4 0 1 7 2 5 6 
56 49 7 3 4 0 6 2 1 5 7 
56 48 8 3 4 0 6 7 2 1 5 
56 49 7 3 4 0 7 6 5 1 2 
56 48 8 3 4 1 0 7 5 2 6 
56 49 7 3 4 1 5 2 0 7 6 
56 51 5 3 4 1 5 2 6 7 0 
56 48 8 3 4 1 6 7 0 2 5 
56 52 4 3 5 0 7 2 4 6 1 
56 53 3 3 6 5 7 2 4 1 0 
56 51 5 3 7 1 6 2 4 5 0 
56 48 8 3 7 4 0 6 2 5 1 
56 51 5 3 7 4 1 2 5 6 0 
56 48 8 4 0 1 6 3 5 2 7 
56 50 6 4 0 5 1 2 3 7 6 
56 49 7 4 1 0 6 2 7 3 5 
56 48 8 4 1 0 6 3 2 5 7 
56 50 6 4 1 5 0 7 3 6 2 
56 49 7 4 1 5 2 0 3 7 6 
56 49 7 4 1 5 6 3 0 7 2 
56 50 6 4 1 5 6 7 2 3 0 
56 51 5 4 1 5 7 6 2 3 0 
56 49 7 4 1 7 5 2 0 3 6 
56 49 7 4 2 1 0 6 3 5 7 
56 49 7 4 2 5 6 7 0 3 1 
56 52 4 4 3 0 7 2 1 6 5 
56 49 7 4 3 1 2 6 0 5 7 
56 50 6 4 3 1 5 7 0 6 2 
56 51 5 4 3 5 1 7 0 6 2 
56 52 4 4 3 5 6 2 1 7 0 
56 52 4 4 3 5 7 2 1 0 6 
56 49 7 4 3 6 2 0 5 1 7 
56 52 4 4 3 6 7 2 1 5 0 
56 50 6 4 5 1 0 2 3 6 7 
56 48 8 4 6 0 2 7 3 5 1 
56 49 7 4 7 0 6 2 3 1 5 
56 50 6 5 0 4 7 2 3 1 6 
56 50 6 5 3 1 6 2 0 7 4 
56 50 6 5 3 4 6 7 2 1 0 
56 50 6 5 4 1 7 2 3 0 6 
56 49 7 5 4 6 1 2 3 0 7 
56 48 8 5 7 1 6 4 0 3 2 
56 49 7 6 1 0 7 4 3 5 2 
56 50 6 6 1 5 0 2 3 7 4 
56 50 6 6 1 7 4 2 3 5 0 
56 50 6 6 2 1 4 0 3 5 7 
56 50 6 6 3 0 1 2 5 4 7 
56 49 7 6 3 4 0 7 2 1 5 
56 49 7 6 4 1 0 5 2 3 7 
56 50 6 6 7 1 2 5 4 3 0 
56 50 6 6 7 5 1 0 4 3 2 
56 52 4 6 7 5 3 2 4 1 0 
56 51 5 6 7 5 4 2 3 1 0 
56 50 6 7 0 1 2 3 4 6 5 
56 50 6 7 0 3 1 2 4 5 6 
56 48 8 7 0 4 2 6 3 1 5 
56 48 8 7 0 4 6 3 5 2 1 
56 51 5 7 0 5 2 3 4 6 1 
56 48 8 7 0 6 5 4 2 3 1 
56 48 8 7 0 6 5 4 3 1 2 
56 48 8 7 1 0 6 4 3 2 5 
56 49 7 7 1 2 6 4 3 5 0 
56 52 4 7 1 5 2 3 4 6 0 
56 50 6 7 1 5 6 0 4 2 3 
56 48 8 7 1 6 2 4 0 3 5 
56 48 8 7 1 6 2 4 3 0 5 
56 49 7 7 2 1 6 0 3 5 4 
56 49 7 7 2 5 1 4 0 3 6 
56 51 5 7 3 1 5 0 4 6 2 
56 52 4 7 3 5 1 0 4 6 2 
56 50 6 7 3 5 6 4 1 0 2 
56 51 5 7 3 6 0 2 4 5 1 
56 49 7 7 3 6 2 0 5 4 1 
56 49 7 7 3 6 2 4 5 0 1 
56 48 8 7 4 0 3 6 2 1 5 
56 48 8 7 4 0 6 1 3 5 2 
56 48 8 7 4 1 3 0 5 2 6 
56 48 8 7 4 1 3 6 0 2 5 
56 50 6 7 4 1 5 3 6 2 0 
56 48 8 7 4 2 0 6 3 1 5 
56 48 8 7 4 2 6 3 5 0 1 
56 51 5 7 4 3 6 5 2 1 0 
56 49 7 7 4 5 2 6 0 3 1 
56 49 7 7 4 5 6 1 0 2 3 
56 48 8 7 4 6 0 3 5 2 1 
56 48 8 7 4 6 2 1 0 3 5 
56 50 6 7 5 0 1 3 4 6 2 
56 51 5 7 5 1 6 2 4 3 0 
56 51 5 7 6 5 0 2 4 3 1 
57 50 7 0 1 2 7 4 3 5 6 
57 52 5 0 1 3 7 2 4 5 6 
57 51 6 0 1 5 6 3 4 2 7 
57 50 7 0 1 6 4 7 3 5 2 
57 52 5 0 3 1 7 6 4 5 2 
57 51 6 0 3 4 1 2 7 5 6 
57 50 7 0 3 4 5 7 2 1 6 
57 51 6 0 3 4 6 2 7 1 5 
57 50 7 0 3 4 6 5 2 1 7 
57 51 6 0 3 4 7 1 2 5 6 
57 51 6 0 3 4 7 6 2 1 5 
57 54 3 0 3 5 7 2 4 1 6 
57 49 8 0 4 1 2 3 7 5 6 
57 49 8 0 4 1 3 7 2 5 6 
57 50 7 0 4 1 5 7 6 3 2 
57 50 7 0 4 1 6 2 7 5 3 
57 50 7 0 4 5 1 6 3 7 2 
57 50 7 0 4 5 6 3 2 1 7 
57 50 7 0 4 6 7 3 2 1 5 
57 50 7 0 4 6 7 5 3 1 2 
57 52 5 0 5 1 7 2 4 3 6 
57 50 7 0 7 1 5 6 4 3 2 
57 51 6 1 0 4 6 2 3 5 7 
57 52 5 1 0 5 6 7 4 3 2 
57 52 5 1 0 6 7 3 4 5 2 
57 54 3 1 3 0 7 2 4 5 6 
57 53 4 1 3 4 0 2 5 6 7 
57 53 4 1 3 4 7 2 5 0 6 
57 55 2 1 3 5 0 2 4 6 7 
57 57 0 1 3 5 7 2 4 6 0 
