0 0 0 6 5 4 2 7 1 3 
3 3 3 6 5 4 2 7 1 0 
4 1 3 6 5 0 2 7 1 4 
1 3 3 6 5 1 2 7 0 4 
4 1 3 6 5 1 2 7 4 0 
3 3 0 6 5 1 2 7 4 3 
1 2 1 6 5 0 2 7 4 3 
3 1 1 6 5 3 2 7 4 0 
4 1 1 6 5 3 2 7 0 4 
7 1 1 6 5 3 2 0 7 4 
6 1 1 0 5 3 2 6 7 4 
5 1 1 5 0 3 2 6 7 4 
3 1 1 5 3 0 2 6 7 4 
4 1 1 5 3 4 2 6 7 0 
2 2 1 5 3 4 0 6 7 2 
5 3 1 0 3 4 5 6 7 2 
3 1 1 3 0 4 5 6 7 2 
4 1 1 3 4 0 5 6 7 2 
2 1 1 3 4 2 5 6 7 0 
4 3 1 3 0 2 5 6 7 4 
2 1 1 3 2 0 5 6 7 4 
4 1 1 3 2 4 5 6 7 0 
5 2 1 3 2 4 0 6 7 5 
3 3 1 0 2 4 3 6 7 5 
2 1 1 2 0 4 3 6 7 5 
4 1 1 2 4 0 3 6 7 5 
3 3 1 2 4 3 0 6 7 5 
5 2 1 2 4 3 5 6 7 0 
4 3 1 2 0 3 5 6 7 4 
3 1 1 2 3 0 5 6 7 4 
4 1 1 2 3 4 5 6 7 0 
Total cost: 50 Execution time: 0.002020597457885742