0 0 5 1 0 3 7 4 2 6 
1 1 5 0 1 3 7 4 2 6 
5 1 0 5 1 3 7 4 2 6 
3 2 3 5 1 0 7 4 2 6 
7 3 3 5 1 7 0 4 2 6 
5 3 3 0 1 7 5 4 2 6 
1 1 3 1 0 7 5 4 2 6 
2 1 3 1 2 7 5 4 0 6 
6 1 3 1 2 7 5 4 6 0 
3 3 0 1 2 7 5 4 6 3 
1 1 1 0 2 7 5 4 6 3 
2 1 1 2 0 7 5 4 6 3 
6 1 1 2 6 7 5 4 0 3 
3 1 1 2 6 7 5 4 3 0 
6 3 1 2 0 7 5 4 3 6 
3 1 1 2 3 7 5 4 0 6 
6 1 1 2 3 7 5 4 6 0 
5 2 1 2 3 7 0 4 6 5 
2 3 1 0 3 7 2 4 6 5 
3 1 1 3 0 7 2 4 6 5 
6 1 1 3 6 7 2 4 0 5 
5 1 1 3 6 7 2 4 5 0 
6 3 1 3 0 7 2 4 5 6 
5 1 1 3 5 7 2 4 0 6 
6 1 1 3 5 7 2 4 6 0 
Total cost: 38 Execution time: 0.00296783447265625