0 0 7 1 4 5 0 2 3 6 
2 1 7 1 4 5 2 0 3 6 
3 1 7 1 4 5 2 3 0 6 
4 1 7 1 0 5 2 3 4 6 
1 1 7 0 1 5 2 3 4 6 
3 1 7 3 1 5 2 0 4 6 
4 1 7 3 1 5 2 4 0 6 
6 1 7 3 1 5 2 4 6 0 
7 3 0 3 1 5 2 4 6 7 
2 1 2 3 1 5 0 4 6 7 
5 3 2 3 1 0 5 4 6 7 
1 1 2 3 0 1 5 4 6 7 
3 1 2 0 3 1 5 4 6 7 
2 1 0 2 3 1 5 4 6 7 
4 3 4 2 3 1 5 0 6 7 
5 1 4 2 3 1 0 5 6 7 
4 1 0 2 3 1 4 5 6 7 
1 2 1 2 3 0 4 5 6 7 
4 3 1 2 3 4 0 5 6 7 
5 1 1 2 3 4 5 0 6 7 
6 1 1 2 3 4 5 6 0 7 
7 1 1 2 3 4 5 6 7 0 
Total cost: 30 Execution time: 0.005984306335449219