0 0 7 3 1 6 2 4 0 5 
5 1 7 3 1 6 2 4 5 0 
7 3 0 3 1 6 2 4 5 7 
6 2 6 3 1 0 2 4 5 7 
7 1 6 3 1 7 2 4 5 0 
1 3 6 3 0 7 2 4 5 1 
5 1 6 3 5 7 2 4 0 1 
1 1 6 3 5 7 2 4 1 0 
6 3 0 3 5 7 2 4 1 6 
4 3 4 3 5 7 2 0 1 6 
1 1 4 3 5 7 2 1 0 6 
6 1 4 3 5 7 2 1 6 0 
4 3 0 3 5 7 2 1 6 4 
1 3 1 3 5 7 2 0 6 4 
2 1 1 3 5 7 0 2 6 4 
4 2 1 3 5 7 4 2 6 0 
6 1 1 3 5 7 4 2 0 6 
2 1 1 3 5 7 4 0 2 6 
4 1 1 3 5 7 0 4 2 6 
6 2 1 3 5 7 6 4 2 0 
7 1 1 3 5 0 6 4 2 7 
2 3 1 3 5 2 6 4 0 7 
7 1 1 3 5 2 6 4 7 0 
6 2 1 3 5 2 0 4 7 6 
2 3 1 3 5 0 2 4 7 6 
7 3 1 3 5 7 2 4 0 6 
6 1 1 3 5 7 2 4 6 0 
Total cost: 48 Execution time: 0.004016876220703125