0 0 1 6 4 3 7 0 5 2 
6 1 1 0 4 3 7 6 5 2 
4 1 1 4 0 3 7 6 5 2 
3 1 1 4 3 0 7 6 5 2 
2 1 1 4 3 2 7 6 5 0 
7 2 1 4 3 2 0 6 5 7 
2 3 1 4 3 0 2 6 5 7 
7 1 1 4 3 7 2 6 5 0 
3 3 1 4 0 7 2 6 5 3 
5 1 1 4 5 7 2 6 0 3 
6 1 1 4 5 7 2 0 6 3 
2 1 1 4 5 7 0 2 6 3 
4 3 1 0 5 7 4 2 6 3 
2 1 1 2 5 7 4 0 6 3 
4 1 1 2 5 7 0 4 6 3 
3 2 1 2 5 7 3 4 6 0 
7 1 1 2 5 0 3 4 6 7 
3 3 1 2 5 3 0 4 6 7 
2 3 1 0 5 3 2 4 6 7 
5 1 1 5 0 3 2 4 6 7 
3 1 1 5 3 0 2 4 6 7 
7 1 1 5 3 7 2 4 6 0 
2 2 1 5 3 7 0 4 6 2 
5 3 1 0 3 7 5 4 6 2 
3 1 1 3 0 7 5 4 6 2 
6 1 1 3 6 7 5 4 0 2 
2 1 1 3 6 7 5 4 2 0 
6 3 1 3 0 7 5 4 2 6 
2 1 1 3 2 7 5 4 0 6 
6 1 1 3 2 7 5 4 6 0 
5 2 1 3 2 7 0 4 6 5 
7 3 1 3 2 0 7 4 6 5 
5 1 1 3 2 5 7 4 6 0 
2 3 1 3 0 5 7 4 6 2 
5 1 1 3 5 0 7 4 6 2 
7 3 1 3 5 7 0 4 6 2 
2 2 1 3 5 7 2 4 6 0 
Total cost: 61 Execution time: 0.001966714859008789