0 0 2 7 5 3 0 1 6 4 
2 1 0 7 5 3 2 1 6 4 
1 3 1 7 5 3 2 0 6 4 
7 1 1 0 5 3 2 7 6 4 
5 1 1 5 0 3 2 7 6 4 
3 1 1 5 3 0 2 7 6 4 
4 1 1 5 3 4 2 7 6 0 
2 2 1 5 3 4 0 7 6 2 
5 3 1 0 3 4 5 7 6 2 
7 1 1 7 3 4 5 0 6 2 
6 1 1 7 3 4 5 6 0 2 
2 1 1 7 3 4 5 6 2 0 
5 2 1 7 3 4 0 6 2 5 
7 3 1 0 3 4 7 6 2 5 
3 1 1 3 0 4 7 6 2 5 
2 1 1 3 2 4 7 6 0 5 
5 1 1 3 2 4 7 6 5 0 
7 2 1 3 2 4 0 6 5 7 
3 3 1 0 2 4 3 6 5 7 
2 1 1 2 0 4 3 6 5 7 
5 1 1 2 5 4 3 6 0 7 
7 1 1 2 5 4 3 6 7 0 
5 3 1 2 0 4 3 6 7 5 
4 1 1 2 4 0 3 6 7 5 
3 3 1 2 4 3 0 6 7 5 
5 2 1 2 4 3 5 6 7 0 
4 3 1 2 0 3 5 6 7 4 
3 1 1 2 3 0 5 6 7 4 
4 1 1 2 3 4 5 6 7 0 
Total cost: 46 Execution time: 0.002991199493408203