0 0 6 2 7 3 4 0 5 1 
4 1 6 2 7 3 0 4 5 1 
2 3 6 0 7 3 2 4 5 1 
6 1 0 6 7 3 2 4 5 1 
1 3 1 6 7 3 2 4 5 0 
7 3 1 6 0 3 2 4 5 7 
5 1 1 6 5 3 2 4 0 7 
7 1 1 6 5 3 2 4 7 0 
3 1 1 6 5 0 2 4 7 3 
7 3 1 6 5 7 2 4 0 3 
3 1 1 6 5 7 2 4 3 0 
2 2 1 6 5 7 0 4 3 2 
6 3 1 0 5 7 6 4 3 2 
4 1 1 4 5 7 6 0 3 2 
6 1 1 4 5 7 0 6 3 2 
2 2 1 4 5 7 2 6 3 0 
3 1 1 4 5 7 2 6 0 3 
6 1 1 4 5 7 2 0 6 3 
2 1 1 4 5 7 0 2 6 3 
4 3 1 0 5 7 4 2 6 3 
2 1 1 2 5 7 4 0 6 3 
4 1 1 2 5 7 0 4 6 3 
3 2 1 2 5 7 3 4 6 0 
7 1 1 2 5 0 3 4 6 7 
3 3 1 2 5 3 0 4 6 7 
2 3 1 0 5 3 2 4 6 7 
5 1 1 5 0 3 2 4 6 7 
3 1 1 5 3 0 2 4 6 7 
7 1 1 5 3 7 2 4 6 0 
2 2 1 5 3 7 0 4 6 2 
5 3 1 0 3 7 5 4 6 2 
3 1 1 3 0 7 5 4 6 2 
6 1 1 3 6 7 5 4 0 2 
2 1 1 3 6 7 5 4 2 0 
6 3 1 3 0 7 5 4 2 6 
2 1 1 3 2 7 5 4 0 6 
6 1 1 3 2 7 5 4 6 0 
5 2 1 3 2 7 0 4 6 5 
7 3 1 3 2 0 7 4 6 5 
5 1 1 3 2 5 7 4 6 0 
2 3 1 3 0 5 7 4 6 2 
5 1 1 3 5 0 7 4 6 2 
7 3 1 3 5 7 0 4 6 2 
2 2 1 3 5 7 2 4 6 0 
Total cost: 75 Execution time: 0.005984783172607422