0 0 3 2 6 5 4 1 7 0 
6 3 3 2 0 5 4 1 7 6 
7 1 3 2 7 5 4 1 0 6 
1 1 3 2 7 5 4 0 1 6 
2 1 3 0 7 5 4 2 1 6 
3 1 0 3 7 5 4 2 1 6 
2 3 2 3 7 5 4 0 1 6 
1 1 2 3 7 5 4 1 0 6 
6 1 2 3 7 5 4 1 6 0 
2 3 0 3 7 5 4 1 6 2 
1 3 1 3 7 5 4 0 6 2 
4 1 1 3 7 5 0 4 6 2 
2 2 1 3 7 5 2 4 6 0 
7 3 1 3 0 5 2 4 6 7 
3 1 1 0 3 5 2 4 6 7 
1 1 0 1 3 5 2 4 6 7 
7 3 7 1 3 5 2 4 6 0 
6 1 7 1 3 5 2 4 0 6 
4 1 7 1 3 5 2 0 4 6 
2 1 7 1 3 5 0 2 4 6 
6 2 7 1 3 5 6 2 4 0 
7 3 0 1 3 5 6 2 4 7 
1 1 1 0 3 5 6 2 4 7 
2 1 1 2 3 5 6 0 4 7 
6 1 1 2 3 5 0 6 4 7 
5 3 1 2 3 0 5 6 4 7 
4 3 1 2 3 4 5 6 0 7 
7 1 1 2 3 4 5 6 7 0 
Total cost: 47 Execution time: 0.01596355438232422