0 0 4 1 7 3 5 2 6 0 
4 3 0 1 7 3 5 2 6 4 
5 1 5 1 7 3 0 2 6 4 
4 2 5 1 7 3 4 2 6 0 
5 3 0 1 7 3 4 2 6 5 
1 1 1 0 7 3 4 2 6 5 
2 1 1 2 7 3 4 0 6 5 
6 1 1 2 7 3 4 6 0 5 
7 1 1 2 0 3 4 6 7 5 
2 1 1 0 2 3 4 6 7 5 
1 1 0 1 2 3 4 6 7 5 
4 1 4 1 2 3 0 6 7 5 
5 2 4 1 2 3 5 6 7 0 
7 1 4 1 2 3 5 6 0 7 
6 1 4 1 2 3 5 0 6 7 
5 1 4 1 2 3 0 5 6 7 
4 1 0 1 2 3 4 5 6 7 
1 1 1 0 2 3 4 5 6 7 
2 1 1 2 0 3 4 5 6 7 
3 1 1 2 3 0 4 5 6 7 
4 3 1 2 3 4 0 5 6 7 
5 1 1 2 3 4 5 0 6 7 
6 1 1 2 3 4 5 6 0 7 
7 1 1 2 3 4 5 6 7 0 
Total cost: 31 Execution time: 0.004991054534912109