0 0 1 2 4 5 3 6 0 7 
6 1 1 2 4 5 3 0 6 7 
3 1 1 2 4 5 0 3 6 7 
5 3 1 2 4 0 5 3 6 7 
1 2 0 2 4 1 5 3 6 7 
3 3 3 2 4 1 5 0 6 7 
5 1 3 2 4 1 0 5 6 7 
3 1 0 2 4 1 3 5 6 7 
1 2 1 2 4 0 3 5 6 7 
3 3 1 2 4 3 0 5 6 7 
5 1 1 2 4 3 5 0 6 7 
6 1 1 2 4 3 5 6 0 7 
7 1 1 2 4 3 5 6 7 0 
4 3 1 2 0 3 5 6 7 4 
2 1 1 0 2 3 5 6 7 4 
1 1 0 1 2 3 5 6 7 4 
4 3 4 1 2 3 5 6 7 0 
7 1 4 1 2 3 5 6 0 7 
6 1 4 1 2 3 5 0 6 7 
5 1 4 1 2 3 0 5 6 7 
4 1 0 1 2 3 4 5 6 7 
1 1 1 0 2 3 4 5 6 7 
2 1 1 2 0 3 4 5 6 7 
3 1 1 2 3 0 4 5 6 7 
4 3 1 2 3 4 0 5 6 7 
5 1 1 2 3 4 5 0 6 7 
6 1 1 2 3 4 5 6 0 7 
7 1 1 2 3 4 5 6 7 0 
Total cost: 41 Execution time: 0.01099395751953125