0 0 4 6 2 1 5 7 3 0 
4 3 0 6 2 1 5 7 3 4 
1 2 1 6 2 0 5 7 3 4 
4 1 1 6 2 4 5 7 3 0 
2 3 1 6 0 4 5 7 3 2 
3 1 1 6 3 4 5 7 0 2 
7 1 1 6 3 4 5 0 7 2 
6 1 1 0 3 4 5 6 7 2 
3 1 1 3 0 4 5 6 7 2 
4 1 1 3 4 0 5 6 7 2 
2 1 1 3 4 2 5 6 7 0 
4 3 1 3 0 2 5 6 7 4 
2 1 1 3 2 0 5 6 7 4 
4 1 1 3 2 4 5 6 7 0 
5 2 1 3 2 4 0 6 7 5 
3 3 1 0 2 4 3 6 7 5 
2 1 1 2 0 4 3 6 7 5 
4 1 1 2 4 0 3 6 7 5 
3 3 1 2 4 3 0 6 7 5 
5 2 1 2 4 3 5 6 7 0 
4 3 1 2 0 3 5 6 7 4 
3 1 1 2 3 0 5 6 7 4 
4 1 1 2 3 4 5 6 7 0 
Total cost: 37 Execution time: 0.0020232200622558594